#  P(GPa)    T(K)     n_LS     n_HS
    0.00   3000.00  0.003003  0.996997
    0.10   3000.00  0.003003  0.996997
    0.20   3000.00  0.003003  0.996997
    0.30   3000.00  0.003003  0.996997
    0.40   3000.00  0.003003  0.996997
    0.50   3000.00  0.003003  0.996997
    0.60   3000.00  0.003003  0.996997
    0.70   3000.00  0.003003  0.996997
    0.80   3000.00  0.003003  0.996997
    0.90   3000.00  0.003003  0.996997
    1.00   3000.00  0.003003  0.996997
    1.10   3000.00  0.003003  0.996997
    1.20   3000.00  0.003003  0.996997
    1.30   3000.00  0.003003  0.996997
    1.40   3000.00  0.003003  0.996997
    1.50   3000.00  0.003003  0.996997
    1.60   3000.00  0.003003  0.996997
    1.70   3000.00  0.003003  0.996997
    1.80   3000.00  0.003003  0.996997
    1.90   3000.00  0.003003  0.996997
    2.00   3000.00  0.003003  0.996997
    2.10   3000.00  0.003003  0.996997
    2.20   3000.00  0.003003  0.996997
    2.30   3000.00  0.003003  0.996997
    2.40   3000.00  0.003003  0.996997
    2.50   3000.00  0.003003  0.996997
    2.60   3000.00  0.003003  0.996997
    2.70   3000.00  0.003003  0.996997
    2.80   3000.00  0.003003  0.996997
    2.90   3000.00  0.003003  0.996997
    3.00   3000.00  0.003003  0.996997
    3.10   3000.00  0.003003  0.996997
    3.20   3000.00  0.003003  0.996997
    3.30   3000.00  0.003003  0.996997
    3.40   3000.00  0.003003  0.996997
    3.50   3000.00  0.003003  0.996997
    3.60   3000.00  0.003003  0.996997
    3.70   3000.00  0.003003  0.996997
    3.80   3000.00  0.003003  0.996997
    3.90   3000.00  0.003003  0.996997
    4.00   3000.00  0.003003  0.996997
    4.10   3000.00  0.003003  0.996997
    4.20   3000.00  0.003003  0.996997
    4.30   3000.00  0.003003  0.996997
    4.40   3000.00  0.003003  0.996997
    4.50   3000.00  0.003003  0.996997
    4.60   3000.00  0.003003  0.996997
    4.70   3000.00  0.003003  0.996997
    4.80   3000.00  0.003003  0.996997
    4.90   3000.00  0.003003  0.996997
    5.00   3000.00  0.003003  0.996997
    5.10   3000.00  0.003003  0.996997
    5.20   3000.00  0.003003  0.996997
    5.30   3000.00  0.003003  0.996997
    5.40   3000.00  0.003003  0.996997
    5.50   3000.00  0.003003  0.996997
    5.60   3000.00  0.003003  0.996997
    5.70   3000.00  0.003003  0.996997
    5.80   3000.00  0.003003  0.996997
    5.90   3000.00  0.003003  0.996997
    6.00   3000.00  0.003003  0.996997
    6.10   3000.00  0.003003  0.996997
    6.20   3000.00  0.003003  0.996997
    6.30   3000.00  0.003003  0.996997
    6.40   3000.00  0.004004  0.995996
    6.50   3000.00  0.004004  0.995996
    6.60   3000.00  0.004004  0.995996
    6.70   3000.00  0.004004  0.995996
    6.80   3000.00  0.004004  0.995996
    6.90   3000.00  0.004004  0.995996
    7.00   3000.00  0.004004  0.995996
    7.10   3000.00  0.004004  0.995996
    7.20   3000.00  0.004004  0.995996
    7.30   3000.00  0.004004  0.995996
    7.40   3000.00  0.004004  0.995996
    7.50   3000.00  0.004004  0.995996
    7.60   3000.00  0.004004  0.995996
    7.70   3000.00  0.004004  0.995996
    7.80   3000.00  0.004004  0.995996
    7.90   3000.00  0.004004  0.995996
    8.00   3000.00  0.004004  0.995996
    8.10   3000.00  0.004004  0.995996
    8.20   3000.00  0.004004  0.995996
    8.30   3000.00  0.004004  0.995996
    8.40   3000.00  0.004004  0.995996
    8.50   3000.00  0.004004  0.995996
    8.60   3000.00  0.004004  0.995996
    8.70   3000.00  0.004004  0.995996
    8.80   3000.00  0.004004  0.995996
    8.90   3000.00  0.004004  0.995996
    9.00   3000.00  0.004004  0.995996
    9.10   3000.00  0.004004  0.995996
    9.20   3000.00  0.004004  0.995996
    9.30   3000.00  0.004004  0.995996
    9.40   3000.00  0.004004  0.995996
    9.50   3000.00  0.004004  0.995996
    9.60   3000.00  0.004004  0.995996
    9.70   3000.00  0.004004  0.995996
    9.80   3000.00  0.004004  0.995996
    9.90   3000.00  0.004004  0.995996
   10.00   3000.00  0.004004  0.995996
   10.10   3000.00  0.004004  0.995996
   10.20   3000.00  0.004004  0.995996
   10.30   3000.00  0.004004  0.995996
   10.40   3000.00  0.004004  0.995996
   10.50   3000.00  0.004004  0.995996
   10.60   3000.00  0.004004  0.995996
   10.70   3000.00  0.004004  0.995996
   10.80   3000.00  0.004004  0.995996
   10.90   3000.00  0.004004  0.995996
   11.00   3000.00  0.004004  0.995996
   11.10   3000.00  0.004004  0.995996
   11.20   3000.00  0.004004  0.995996
   11.30   3000.00  0.004004  0.995996
   11.40   3000.00  0.004004  0.995996
   11.50   3000.00  0.004004  0.995996
   11.60   3000.00  0.004004  0.995996
   11.70   3000.00  0.004004  0.995996
   11.80   3000.00  0.004004  0.995996
   11.90   3000.00  0.004004  0.995996
   12.00   3000.00  0.004004  0.995996
   12.10   3000.00  0.004004  0.995996
   12.20   3000.00  0.004004  0.995996
   12.30   3000.00  0.004004  0.995996
   12.40   3000.00  0.004004  0.995996
   12.50   3000.00  0.004004  0.995996
   12.60   3000.00  0.004004  0.995996
   12.70   3000.00  0.004004  0.995996
   12.80   3000.00  0.004004  0.995996
   12.90   3000.00  0.004004  0.995996
   13.00   3000.00  0.004004  0.995996
   13.10   3000.00  0.004004  0.995996
   13.20   3000.00  0.004004  0.995996
   13.30   3000.00  0.004004  0.995996
   13.40   3000.00  0.004004  0.995996
   13.50   3000.00  0.004004  0.995996
   13.60   3000.00  0.004004  0.995996
   13.70   3000.00  0.004004  0.995996
   13.80   3000.00  0.004004  0.995996
   13.90   3000.00  0.004004  0.995996
   14.00   3000.00  0.004004  0.995996
   14.10   3000.00  0.004004  0.995996
   14.20   3000.00  0.004004  0.995996
   14.30   3000.00  0.004004  0.995996
   14.40   3000.00  0.004004  0.995996
   14.50   3000.00  0.004004  0.995996
   14.60   3000.00  0.004004  0.995996
   14.70   3000.00  0.004004  0.995996
   14.80   3000.00  0.004004  0.995996
   14.90   3000.00  0.004004  0.995996
   15.00   3000.00  0.004004  0.995996
   15.10   3000.00  0.004004  0.995996
   15.20   3000.00  0.004004  0.995996
   15.30   3000.00  0.004004  0.995996
   15.40   3000.00  0.004004  0.995996
   15.50   3000.00  0.004004  0.995996
   15.60   3000.00  0.004004  0.995996
   15.70   3000.00  0.004004  0.995996
   15.80   3000.00  0.004004  0.995996
   15.90   3000.00  0.004004  0.995996
   16.00   3000.00  0.004004  0.995996
   16.10   3000.00  0.004004  0.995996
   16.20   3000.00  0.004004  0.995996
   16.30   3000.00  0.004004  0.995996
   16.40   3000.00  0.004004  0.995996
   16.50   3000.00  0.004004  0.995996
   16.60   3000.00  0.004004  0.995996
   16.70   3000.00  0.004004  0.995996
   16.80   3000.00  0.004004  0.995996
   16.90   3000.00  0.004004  0.995996
   17.00   3000.00  0.004004  0.995996
   17.10   3000.00  0.004004  0.995996
   17.20   3000.00  0.004004  0.995996
   17.30   3000.00  0.004004  0.995996
   17.40   3000.00  0.004004  0.995996
   17.50   3000.00  0.004004  0.995996
   17.60   3000.00  0.005005  0.994995
   17.70   3000.00  0.005005  0.994995
   17.80   3000.00  0.005005  0.994995
   17.90   3000.00  0.005005  0.994995
   18.00   3000.00  0.005005  0.994995
   18.10   3000.00  0.005005  0.994995
   18.20   3000.00  0.005005  0.994995
   18.30   3000.00  0.005005  0.994995
   18.40   3000.00  0.005005  0.994995
   18.50   3000.00  0.005005  0.994995
   18.60   3000.00  0.005005  0.994995
   18.70   3000.00  0.005005  0.994995
   18.80   3000.00  0.005005  0.994995
   18.90   3000.00  0.005005  0.994995
   19.00   3000.00  0.005005  0.994995
   19.10   3000.00  0.005005  0.994995
   19.20   3000.00  0.005005  0.994995
   19.30   3000.00  0.005005  0.994995
   19.40   3000.00  0.005005  0.994995
   19.50   3000.00  0.005005  0.994995
   19.60   3000.00  0.005005  0.994995
   19.70   3000.00  0.005005  0.994995
   19.80   3000.00  0.005005  0.994995
   19.90   3000.00  0.005005  0.994995
   20.00   3000.00  0.005005  0.994995
   20.10   3000.00  0.005005  0.994995
   20.20   3000.00  0.005005  0.994995
   20.30   3000.00  0.005005  0.994995
   20.40   3000.00  0.005005  0.994995
   20.50   3000.00  0.005005  0.994995
   20.60   3000.00  0.005005  0.994995
   20.70   3000.00  0.005005  0.994995
   20.80   3000.00  0.005005  0.994995
   20.90   3000.00  0.005005  0.994995
   21.00   3000.00  0.005005  0.994995
   21.10   3000.00  0.005005  0.994995
   21.20   3000.00  0.005005  0.994995
   21.30   3000.00  0.005005  0.994995
   21.40   3000.00  0.005005  0.994995
   21.50   3000.00  0.005005  0.994995
   21.60   3000.00  0.005005  0.994995
   21.70   3000.00  0.005005  0.994995
   21.80   3000.00  0.005005  0.994995
   21.90   3000.00  0.005005  0.994995
   22.00   3000.00  0.005005  0.994995
   22.10   3000.00  0.005005  0.994995
   22.20   3000.00  0.005005  0.994995
   22.30   3000.00  0.005005  0.994995
   22.40   3000.00  0.005005  0.994995
   22.50   3000.00  0.005005  0.994995
   22.60   3000.00  0.005005  0.994995
   22.70   3000.00  0.005005  0.994995
   22.80   3000.00  0.005005  0.994995
   22.90   3000.00  0.005005  0.994995
   23.00   3000.00  0.005005  0.994995
   23.10   3000.00  0.005005  0.994995
   23.20   3000.00  0.005005  0.994995
   23.30   3000.00  0.005005  0.994995
   23.40   3000.00  0.005005  0.994995
   23.50   3000.00  0.005005  0.994995
   23.60   3000.00  0.005005  0.994995
   23.70   3000.00  0.005005  0.994995
   23.80   3000.00  0.005005  0.994995
   23.90   3000.00  0.005005  0.994995
   24.00   3000.00  0.005005  0.994995
   24.10   3000.00  0.006006  0.993994
   24.20   3000.00  0.006006  0.993994
   24.30   3000.00  0.006006  0.993994
   24.40   3000.00  0.006006  0.993994
   24.50   3000.00  0.006006  0.993994
   24.60   3000.00  0.006006  0.993994
   24.70   3000.00  0.006006  0.993994
   24.80   3000.00  0.006006  0.993994
   24.90   3000.00  0.006006  0.993994
   25.00   3000.00  0.006006  0.993994
   25.10   3000.00  0.006006  0.993994
   25.20   3000.00  0.006006  0.993994
   25.30   3000.00  0.006006  0.993994
   25.40   3000.00  0.006006  0.993994
   25.50   3000.00  0.006006  0.993994
   25.60   3000.00  0.006006  0.993994
   25.70   3000.00  0.006006  0.993994
   25.80   3000.00  0.006006  0.993994
   25.90   3000.00  0.006006  0.993994
   26.00   3000.00  0.006006  0.993994
   26.10   3000.00  0.006006  0.993994
   26.20   3000.00  0.006006  0.993994
   26.30   3000.00  0.006006  0.993994
   26.40   3000.00  0.006006  0.993994
   26.50   3000.00  0.006006  0.993994
   26.60   3000.00  0.006006  0.993994
   26.70   3000.00  0.006006  0.993994
   26.80   3000.00  0.006006  0.993994
   26.90   3000.00  0.006006  0.993994
   27.00   3000.00  0.006006  0.993994
   27.10   3000.00  0.006006  0.993994
   27.20   3000.00  0.006006  0.993994
   27.30   3000.00  0.006006  0.993994
   27.40   3000.00  0.006006  0.993994
   27.50   3000.00  0.006006  0.993994
   27.60   3000.00  0.006006  0.993994
   27.70   3000.00  0.006006  0.993994
   27.80   3000.00  0.006006  0.993994
   27.90   3000.00  0.006006  0.993994
   28.00   3000.00  0.006006  0.993994
   28.10   3000.00  0.006006  0.993994
   28.20   3000.00  0.006006  0.993994
   28.30   3000.00  0.006006  0.993994
   28.40   3000.00  0.006006  0.993994
   28.50   3000.00  0.006006  0.993994
   28.60   3000.00  0.006006  0.993994
   28.70   3000.00  0.006006  0.993994
   28.80   3000.00  0.007007  0.992993
   28.90   3000.00  0.007007  0.992993
   29.00   3000.00  0.007007  0.992993
   29.10   3000.00  0.007007  0.992993
   29.20   3000.00  0.007007  0.992993
   29.30   3000.00  0.007007  0.992993
   29.40   3000.00  0.007007  0.992993
   29.50   3000.00  0.007007  0.992993
   29.60   3000.00  0.007007  0.992993
   29.70   3000.00  0.007007  0.992993
   29.80   3000.00  0.007007  0.992993
   29.90   3000.00  0.007007  0.992993
   30.00   3000.00  0.007007  0.992993
   30.10   3000.00  0.007007  0.992993
   30.20   3000.00  0.007007  0.992993
   30.30   3000.00  0.007007  0.992993
   30.40   3000.00  0.007007  0.992993
   30.50   3000.00  0.007007  0.992993
   30.60   3000.00  0.007007  0.992993
   30.70   3000.00  0.007007  0.992993
   30.80   3000.00  0.007007  0.992993
   30.90   3000.00  0.007007  0.992993
   31.00   3000.00  0.007007  0.992993
   31.10   3000.00  0.007007  0.992993
   31.20   3000.00  0.007007  0.992993
   31.30   3000.00  0.007007  0.992993
   31.40   3000.00  0.007007  0.992993
   31.50   3000.00  0.007007  0.992993
   31.60   3000.00  0.007007  0.992993
   31.70   3000.00  0.007007  0.992993
   31.80   3000.00  0.007007  0.992993
   31.90   3000.00  0.007007  0.992993
   32.00   3000.00  0.007007  0.992993
   32.10   3000.00  0.007007  0.992993
   32.20   3000.00  0.007007  0.992993
   32.30   3000.00  0.007007  0.992993
   32.40   3000.00  0.007007  0.992993
   32.50   3000.00  0.008008  0.991992
   32.60   3000.00  0.008008  0.991992
   32.70   3000.00  0.008008  0.991992
   32.80   3000.00  0.008008  0.991992
   32.90   3000.00  0.008008  0.991992
   33.00   3000.00  0.008008  0.991992
   33.10   3000.00  0.008008  0.991992
   33.20   3000.00  0.008008  0.991992
   33.30   3000.00  0.008008  0.991992
   33.40   3000.00  0.008008  0.991992
   33.50   3000.00  0.008008  0.991992
   33.60   3000.00  0.008008  0.991992
   33.70   3000.00  0.008008  0.991992
   33.80   3000.00  0.008008  0.991992
   33.90   3000.00  0.008008  0.991992
   34.00   3000.00  0.008008  0.991992
   34.10   3000.00  0.008008  0.991992
   34.20   3000.00  0.008008  0.991992
   34.30   3000.00  0.008008  0.991992
   34.40   3000.00  0.008008  0.991992
   34.50   3000.00  0.008008  0.991992
   34.60   3000.00  0.008008  0.991992
   34.70   3000.00  0.008008  0.991992
   34.80   3000.00  0.008008  0.991992
   34.90   3000.00  0.008008  0.991992
   35.00   3000.00  0.008008  0.991992
   35.10   3000.00  0.008008  0.991992
   35.20   3000.00  0.008008  0.991992
   35.30   3000.00  0.008008  0.991992
   35.40   3000.00  0.008008  0.991992
   35.50   3000.00  0.008008  0.991992
   35.60   3000.00  0.009009  0.990991
   35.70   3000.00  0.009009  0.990991
   35.80   3000.00  0.009009  0.990991
   35.90   3000.00  0.009009  0.990991
   36.00   3000.00  0.009009  0.990991
   36.10   3000.00  0.009009  0.990991
   36.20   3000.00  0.009009  0.990991
   36.30   3000.00  0.009009  0.990991
   36.40   3000.00  0.009009  0.990991
   36.50   3000.00  0.009009  0.990991
   36.60   3000.00  0.009009  0.990991
   36.70   3000.00  0.009009  0.990991
   36.80   3000.00  0.009009  0.990991
   36.90   3000.00  0.009009  0.990991
   37.00   3000.00  0.009009  0.990991
   37.10   3000.00  0.009009  0.990991
   37.20   3000.00  0.009009  0.990991
   37.30   3000.00  0.009009  0.990991
   37.40   3000.00  0.009009  0.990991
   37.50   3000.00  0.009009  0.990991
   37.60   3000.00  0.009009  0.990991
   37.70   3000.00  0.009009  0.990991
   37.80   3000.00  0.009009  0.990991
   37.90   3000.00  0.009009  0.990991
   38.00   3000.00  0.009009  0.990991
   38.10   3000.00  0.009009  0.990991
   38.20   3000.00  0.010010  0.989990
   38.30   3000.00  0.010010  0.989990
   38.40   3000.00  0.010010  0.989990
   38.50   3000.00  0.010010  0.989990
   38.60   3000.00  0.010010  0.989990
   38.70   3000.00  0.010010  0.989990
   38.80   3000.00  0.010010  0.989990
   38.90   3000.00  0.010010  0.989990
   39.00   3000.00  0.010010  0.989990
   39.10   3000.00  0.010010  0.989990
   39.20   3000.00  0.010010  0.989990
   39.30   3000.00  0.010010  0.989990
   39.40   3000.00  0.010010  0.989990
   39.50   3000.00  0.010010  0.989990
   39.60   3000.00  0.010010  0.989990
   39.70   3000.00  0.010010  0.989990
   39.80   3000.00  0.010010  0.989990
   39.90   3000.00  0.010010  0.989990
   40.00   3000.00  0.010010  0.989990
   40.10   3000.00  0.010010  0.989990
   40.20   3000.00  0.010010  0.989990
   40.30   3000.00  0.010010  0.989990
   40.40   3000.00  0.010010  0.989990
   40.50   3000.00  0.011011  0.988989
   40.60   3000.00  0.011011  0.988989
   40.70   3000.00  0.011011  0.988989
   40.80   3000.00  0.011011  0.988989
   40.90   3000.00  0.011011  0.988989
   41.00   3000.00  0.011011  0.988989
   41.10   3000.00  0.011011  0.988989
   41.20   3000.00  0.011011  0.988989
   41.30   3000.00  0.011011  0.988989
   41.40   3000.00  0.011011  0.988989
   41.50   3000.00  0.011011  0.988989
   41.60   3000.00  0.011011  0.988989
   41.70   3000.00  0.011011  0.988989
   41.80   3000.00  0.011011  0.988989
   41.90   3000.00  0.011011  0.988989
   42.00   3000.00  0.011011  0.988989
   42.10   3000.00  0.011011  0.988989
   42.20   3000.00  0.011011  0.988989
   42.30   3000.00  0.011011  0.988989
   42.40   3000.00  0.011011  0.988989
   42.50   3000.00  0.011011  0.988989
   42.60   3000.00  0.012012  0.987988
   42.70   3000.00  0.012012  0.987988
   42.80   3000.00  0.012012  0.987988
   42.90   3000.00  0.012012  0.987988
   43.00   3000.00  0.012012  0.987988
   43.10   3000.00  0.012012  0.987988
   43.20   3000.00  0.012012  0.987988
   43.30   3000.00  0.012012  0.987988
   43.40   3000.00  0.012012  0.987988
   43.50   3000.00  0.012012  0.987988
   43.60   3000.00  0.012012  0.987988
   43.70   3000.00  0.012012  0.987988
   43.80   3000.00  0.012012  0.987988
   43.90   3000.00  0.012012  0.987988
   44.00   3000.00  0.012012  0.987988
   44.10   3000.00  0.012012  0.987988
   44.20   3000.00  0.012012  0.987988
   44.30   3000.00  0.012012  0.987988
   44.40   3000.00  0.013013  0.986987
   44.50   3000.00  0.013013  0.986987
   44.60   3000.00  0.013013  0.986987
   44.70   3000.00  0.013013  0.986987
   44.80   3000.00  0.013013  0.986987
   44.90   3000.00  0.013013  0.986987
   45.00   3000.00  0.013013  0.986987
   45.10   3000.00  0.013013  0.986987
   45.20   3000.00  0.013013  0.986987
   45.30   3000.00  0.013013  0.986987
   45.40   3000.00  0.013013  0.986987
   45.50   3000.00  0.013013  0.986987
   45.60   3000.00  0.013013  0.986987
   45.70   3000.00  0.013013  0.986987
   45.80   3000.00  0.013013  0.986987
   45.90   3000.00  0.013013  0.986987
   46.00   3000.00  0.014014  0.985986
   46.10   3000.00  0.014014  0.985986
   46.20   3000.00  0.014014  0.985986
   46.30   3000.00  0.014014  0.985986
   46.40   3000.00  0.014014  0.985986
   46.50   3000.00  0.014014  0.985986
   46.60   3000.00  0.014014  0.985986
   46.70   3000.00  0.014014  0.985986
   46.80   3000.00  0.014014  0.985986
   46.90   3000.00  0.014014  0.985986
   47.00   3000.00  0.014014  0.985986
   47.10   3000.00  0.014014  0.985986
   47.20   3000.00  0.014014  0.985986
   47.30   3000.00  0.014014  0.985986
   47.40   3000.00  0.014014  0.985986
   47.50   3000.00  0.015015  0.984985
   47.60   3000.00  0.015015  0.984985
   47.70   3000.00  0.015015  0.984985
   47.80   3000.00  0.015015  0.984985
   47.90   3000.00  0.015015  0.984985
   48.00   3000.00  0.015015  0.984985
   48.10   3000.00  0.015015  0.984985
   48.20   3000.00  0.015015  0.984985
   48.30   3000.00  0.015015  0.984985
   48.40   3000.00  0.015015  0.984985
   48.50   3000.00  0.015015  0.984985
   48.60   3000.00  0.015015  0.984985
   48.70   3000.00  0.015015  0.984985
   48.80   3000.00  0.015015  0.984985
   48.90   3000.00  0.016016  0.983984
   49.00   3000.00  0.016016  0.983984
   49.10   3000.00  0.016016  0.983984
   49.20   3000.00  0.016016  0.983984
   49.30   3000.00  0.016016  0.983984
   49.40   3000.00  0.016016  0.983984
   49.50   3000.00  0.016016  0.983984
   49.60   3000.00  0.016016  0.983984
   49.70   3000.00  0.016016  0.983984
   49.80   3000.00  0.016016  0.983984
   49.90   3000.00  0.016016  0.983984
   50.00   3000.00  0.016016  0.983984
   50.10   3000.00  0.017017  0.982983
   50.20   3000.00  0.017017  0.982983
   50.30   3000.00  0.017017  0.982983
   50.40   3000.00  0.017017  0.982983
   50.50   3000.00  0.017017  0.982983
   50.60   3000.00  0.017017  0.982983
   50.70   3000.00  0.017017  0.982983
   50.80   3000.00  0.017017  0.982983
   50.90   3000.00  0.017017  0.982983
   51.00   3000.00  0.017017  0.982983
   51.10   3000.00  0.017017  0.982983
   51.20   3000.00  0.017017  0.982983
   51.30   3000.00  0.018018  0.981982
   51.40   3000.00  0.018018  0.981982
   51.50   3000.00  0.018018  0.981982
   51.60   3000.00  0.018018  0.981982
   51.70   3000.00  0.018018  0.981982
   51.80   3000.00  0.018018  0.981982
   51.90   3000.00  0.018018  0.981982
   52.00   3000.00  0.018018  0.981982
   52.10   3000.00  0.018018  0.981982
   52.20   3000.00  0.018018  0.981982
   52.30   3000.00  0.018018  0.981982
   52.40   3000.00  0.019019  0.980981
   52.50   3000.00  0.019019  0.980981
   52.60   3000.00  0.019019  0.980981
   52.70   3000.00  0.019019  0.980981
   52.80   3000.00  0.019019  0.980981
   52.90   3000.00  0.019019  0.980981
   53.00   3000.00  0.019019  0.980981
   53.10   3000.00  0.019019  0.980981
   53.20   3000.00  0.019019  0.980981
   53.30   3000.00  0.019019  0.980981
   53.40   3000.00  0.019019  0.980981
   53.50   3000.00  0.020020  0.979980
   53.60   3000.00  0.020020  0.979980
   53.70   3000.00  0.020020  0.979980
   53.80   3000.00  0.020020  0.979980
   53.90   3000.00  0.020020  0.979980
   54.00   3000.00  0.020020  0.979980
   54.10   3000.00  0.020020  0.979980
   54.20   3000.00  0.020020  0.979980
   54.30   3000.00  0.020020  0.979980
   54.40   3000.00  0.021021  0.978979
   54.50   3000.00  0.021021  0.978979
   54.60   3000.00  0.021021  0.978979
   54.70   3000.00  0.021021  0.978979
   54.80   3000.00  0.021021  0.978979
   54.90   3000.00  0.021021  0.978979
   55.00   3000.00  0.021021  0.978979
   55.10   3000.00  0.021021  0.978979
   55.20   3000.00  0.021021  0.978979
   55.30   3000.00  0.021021  0.978979
   55.40   3000.00  0.022022  0.977978
   55.50   3000.00  0.022022  0.977978
   55.60   3000.00  0.022022  0.977978
   55.70   3000.00  0.022022  0.977978
   55.80   3000.00  0.022022  0.977978
   55.90   3000.00  0.022022  0.977978
   56.00   3000.00  0.022022  0.977978
   56.10   3000.00  0.022022  0.977978
   56.20   3000.00  0.023023  0.976977
   56.30   3000.00  0.023023  0.976977
   56.40   3000.00  0.023023  0.976977
   56.50   3000.00  0.023023  0.976977
   56.60   3000.00  0.023023  0.976977
   56.70   3000.00  0.023023  0.976977
   56.80   3000.00  0.023023  0.976977
   56.90   3000.00  0.023023  0.976977
   57.00   3000.00  0.023023  0.976977
   57.10   3000.00  0.024024  0.975976
   57.20   3000.00  0.024024  0.975976
   57.30   3000.00  0.024024  0.975976
   57.40   3000.00  0.024024  0.975976
   57.50   3000.00  0.024024  0.975976
   57.60   3000.00  0.024024  0.975976
   57.70   3000.00  0.024024  0.975976
   57.80   3000.00  0.024024  0.975976
   57.90   3000.00  0.025025  0.974975
   58.00   3000.00  0.025025  0.974975
   58.10   3000.00  0.025025  0.974975
   58.20   3000.00  0.025025  0.974975
   58.30   3000.00  0.025025  0.974975
   58.40   3000.00  0.025025  0.974975
   58.50   3000.00  0.025025  0.974975
   58.60   3000.00  0.026026  0.973974
   58.70   3000.00  0.026026  0.973974
   58.80   3000.00  0.026026  0.973974
   58.90   3000.00  0.026026  0.973974
   59.00   3000.00  0.026026  0.973974
   59.10   3000.00  0.026026  0.973974
   59.20   3000.00  0.026026  0.973974
   59.30   3000.00  0.027027  0.972973
   59.40   3000.00  0.027027  0.972973
   59.50   3000.00  0.027027  0.972973
   59.60   3000.00  0.027027  0.972973
   59.70   3000.00  0.027027  0.972973
   59.80   3000.00  0.027027  0.972973
   59.90   3000.00  0.027027  0.972973
   60.00   3000.00  0.028028  0.971972
   60.10   3000.00  0.028028  0.971972
   60.20   3000.00  0.028028  0.971972
   60.30   3000.00  0.028028  0.971972
   60.40   3000.00  0.028028  0.971972
   60.50   3000.00  0.028028  0.971972
   60.60   3000.00  0.028028  0.971972
   60.70   3000.00  0.029029  0.970971
   60.80   3000.00  0.029029  0.970971
   60.90   3000.00  0.029029  0.970971
   61.00   3000.00  0.029029  0.970971
   61.10   3000.00  0.029029  0.970971
   61.20   3000.00  0.029029  0.970971
   61.30   3000.00  0.030030  0.969970
   61.40   3000.00  0.030030  0.969970
   61.50   3000.00  0.030030  0.969970
   61.60   3000.00  0.030030  0.969970
   61.70   3000.00  0.030030  0.969970
   61.80   3000.00  0.030030  0.969970
   61.90   3000.00  0.031031  0.968969
   62.00   3000.00  0.031031  0.968969
   62.10   3000.00  0.031031  0.968969
   62.20   3000.00  0.031031  0.968969
   62.30   3000.00  0.031031  0.968969
   62.40   3000.00  0.031031  0.968969
   62.50   3000.00  0.032032  0.967968
   62.60   3000.00  0.032032  0.967968
   62.70   3000.00  0.032032  0.967968
   62.80   3000.00  0.032032  0.967968
   62.90   3000.00  0.032032  0.967968
   63.00   3000.00  0.032032  0.967968
   63.10   3000.00  0.033033  0.966967
   63.20   3000.00  0.033033  0.966967
   63.30   3000.00  0.033033  0.966967
   63.40   3000.00  0.033033  0.966967
   63.50   3000.00  0.033033  0.966967
   63.60   3000.00  0.034034  0.965966
   63.70   3000.00  0.034034  0.965966
   63.80   3000.00  0.034034  0.965966
   63.90   3000.00  0.034034  0.965966
   64.00   3000.00  0.034034  0.965966
   64.10   3000.00  0.034034  0.965966
   64.20   3000.00  0.035035  0.964965
   64.30   3000.00  0.035035  0.964965
   64.40   3000.00  0.035035  0.964965
   64.50   3000.00  0.035035  0.964965
   64.60   3000.00  0.035035  0.964965
   64.70   3000.00  0.036036  0.963964
   64.80   3000.00  0.036036  0.963964
   64.90   3000.00  0.036036  0.963964
   65.00   3000.00  0.036036  0.963964
   65.10   3000.00  0.036036  0.963964
   65.20   3000.00  0.037037  0.962963
   65.30   3000.00  0.037037  0.962963
   65.40   3000.00  0.037037  0.962963
   65.50   3000.00  0.037037  0.962963
   65.60   3000.00  0.037037  0.962963
   65.70   3000.00  0.038038  0.961962
   65.80   3000.00  0.038038  0.961962
   65.90   3000.00  0.038038  0.961962
   66.00   3000.00  0.038038  0.961962
   66.10   3000.00  0.038038  0.961962
   66.20   3000.00  0.039039  0.960961
   66.30   3000.00  0.039039  0.960961
   66.40   3000.00  0.039039  0.960961
   66.50   3000.00  0.039039  0.960961
   66.60   3000.00  0.040040  0.959960
   66.70   3000.00  0.040040  0.959960
   66.80   3000.00  0.040040  0.959960
   66.90   3000.00  0.040040  0.959960
   67.00   3000.00  0.040040  0.959960
   67.10   3000.00  0.041041  0.958959
   67.20   3000.00  0.041041  0.958959
   67.30   3000.00  0.041041  0.958959
   67.40   3000.00  0.041041  0.958959
   67.50   3000.00  0.042042  0.957958
   67.60   3000.00  0.042042  0.957958
   67.70   3000.00  0.042042  0.957958
   67.80   3000.00  0.042042  0.957958
   67.90   3000.00  0.043043  0.956957
   68.00   3000.00  0.043043  0.956957
   68.10   3000.00  0.043043  0.956957
   68.20   3000.00  0.043043  0.956957
   68.30   3000.00  0.044044  0.955956
   68.40   3000.00  0.044044  0.955956
   68.50   3000.00  0.044044  0.955956
   68.60   3000.00  0.044044  0.955956
   68.70   3000.00  0.045045  0.954955
   68.80   3000.00  0.045045  0.954955
   68.90   3000.00  0.045045  0.954955
   69.00   3000.00  0.045045  0.954955
   69.10   3000.00  0.046046  0.953954
   69.20   3000.00  0.046046  0.953954
   69.30   3000.00  0.046046  0.953954
   69.40   3000.00  0.046046  0.953954
   69.50   3000.00  0.047047  0.952953
   69.60   3000.00  0.047047  0.952953
   69.70   3000.00  0.047047  0.952953
   69.80   3000.00  0.047047  0.952953
   69.90   3000.00  0.048048  0.951952
   70.00   3000.00  0.048048  0.951952
   70.10   3000.00  0.048048  0.951952
   70.20   3000.00  0.049049  0.950951
   70.30   3000.00  0.049049  0.950951
   70.40   3000.00  0.049049  0.950951
   70.50   3000.00  0.049049  0.950951
   70.60   3000.00  0.050050  0.949950
   70.70   3000.00  0.050050  0.949950
   70.80   3000.00  0.050050  0.949950
   70.90   3000.00  0.051051  0.948949
   71.00   3000.00  0.051051  0.948949
   71.10   3000.00  0.051051  0.948949
   71.20   3000.00  0.051051  0.948949
   71.30   3000.00  0.052052  0.947948
   71.40   3000.00  0.052052  0.947948
   71.50   3000.00  0.052052  0.947948
   71.60   3000.00  0.053053  0.946947
   71.70   3000.00  0.053053  0.946947
   71.80   3000.00  0.053053  0.946947
   71.90   3000.00  0.053053  0.946947
   72.00   3000.00  0.054054  0.945946
   72.10   3000.00  0.054054  0.945946
   72.20   3000.00  0.054054  0.945946
   72.30   3000.00  0.055055  0.944945
   72.40   3000.00  0.055055  0.944945
   72.50   3000.00  0.055055  0.944945
   72.60   3000.00  0.056056  0.943944
   72.70   3000.00  0.056056  0.943944
   72.80   3000.00  0.056056  0.943944
   72.90   3000.00  0.057057  0.942943
   73.00   3000.00  0.057057  0.942943
   73.10   3000.00  0.057057  0.942943
   73.20   3000.00  0.058058  0.941942
   73.30   3000.00  0.058058  0.941942
   73.40   3000.00  0.058058  0.941942
   73.50   3000.00  0.059059  0.940941
   73.60   3000.00  0.059059  0.940941
   73.70   3000.00  0.059059  0.940941
   73.80   3000.00  0.060060  0.939940
   73.90   3000.00  0.060060  0.939940
   74.00   3000.00  0.060060  0.939940
   74.10   3000.00  0.061061  0.938939
   74.20   3000.00  0.061061  0.938939
   74.30   3000.00  0.061061  0.938939
   74.40   3000.00  0.062062  0.937938
   74.50   3000.00  0.062062  0.937938
   74.60   3000.00  0.063063  0.936937
   74.70   3000.00  0.063063  0.936937
   74.80   3000.00  0.063063  0.936937
   74.90   3000.00  0.064064  0.935936
   75.00   3000.00  0.064064  0.935936
   75.10   3000.00  0.064064  0.935936
   75.20   3000.00  0.065065  0.934935
   75.30   3000.00  0.065065  0.934935
   75.40   3000.00  0.066066  0.933934
   75.50   3000.00  0.066066  0.933934
   75.60   3000.00  0.066066  0.933934
   75.70   3000.00  0.067067  0.932933
   75.80   3000.00  0.067067  0.932933
   75.90   3000.00  0.067067  0.932933
   76.00   3000.00  0.068068  0.931932
   76.10   3000.00  0.068068  0.931932
   76.20   3000.00  0.069069  0.930931
   76.30   3000.00  0.069069  0.930931
   76.40   3000.00  0.069069  0.930931
   76.50   3000.00  0.070070  0.929930
   76.60   3000.00  0.070070  0.929930
   76.70   3000.00  0.071071  0.928929
   76.80   3000.00  0.071071  0.928929
   76.90   3000.00  0.071071  0.928929
   77.00   3000.00  0.072072  0.927928
   77.10   3000.00  0.072072  0.927928
   77.20   3000.00  0.073073  0.926927
   77.30   3000.00  0.073073  0.926927
   77.40   3000.00  0.074074  0.925926
   77.50   3000.00  0.074074  0.925926
   77.60   3000.00  0.074074  0.925926
   77.70   3000.00  0.075075  0.924925
   77.80   3000.00  0.075075  0.924925
   77.90   3000.00  0.076076  0.923924
   78.00   3000.00  0.076076  0.923924
   78.10   3000.00  0.077077  0.922923
   78.20   3000.00  0.077077  0.922923
   78.30   3000.00  0.078078  0.921922
   78.40   3000.00  0.078078  0.921922
   78.50   3000.00  0.079079  0.920921
   78.60   3000.00  0.079079  0.920921
   78.70   3000.00  0.079079  0.920921
   78.80   3000.00  0.080080  0.919920
   78.90   3000.00  0.080080  0.919920
   79.00   3000.00  0.081081  0.918919
   79.10   3000.00  0.081081  0.918919
   79.20   3000.00  0.082082  0.917918
   79.30   3000.00  0.082082  0.917918
   79.40   3000.00  0.083083  0.916917
   79.50   3000.00  0.083083  0.916917
   79.60   3000.00  0.084084  0.915916
   79.70   3000.00  0.084084  0.915916
   79.80   3000.00  0.085085  0.914915
   79.90   3000.00  0.085085  0.914915
   80.00   3000.00  0.086086  0.913914
   80.10   3000.00  0.086086  0.913914
   80.20   3000.00  0.087087  0.912913
   80.30   3000.00  0.087087  0.912913
   80.40   3000.00  0.088088  0.911912
   80.50   3000.00  0.088088  0.911912
   80.60   3000.00  0.089089  0.910911
   80.70   3000.00  0.089089  0.910911
   80.80   3000.00  0.090090  0.909910
   80.90   3000.00  0.090090  0.909910
   81.00   3000.00  0.091091  0.908909
   81.10   3000.00  0.091091  0.908909
   81.20   3000.00  0.092092  0.907908
   81.30   3000.00  0.093093  0.906907
   81.40   3000.00  0.093093  0.906907
   81.50   3000.00  0.094094  0.905906
   81.60   3000.00  0.094094  0.905906
   81.70   3000.00  0.095095  0.904905
   81.80   3000.00  0.095095  0.904905
   81.90   3000.00  0.096096  0.903904
   82.00   3000.00  0.096096  0.903904
   82.10   3000.00  0.097097  0.902903
   82.20   3000.00  0.098098  0.901902
   82.30   3000.00  0.098098  0.901902
   82.40   3000.00  0.099099  0.900901
   82.50   3000.00  0.099099  0.900901
   82.60   3000.00  0.100100  0.899900
   82.70   3000.00  0.100100  0.899900
   82.80   3000.00  0.101101  0.898899
   82.90   3000.00  0.102102  0.897898
   83.00   3000.00  0.102102  0.897898
   83.10   3000.00  0.103103  0.896897
   83.20   3000.00  0.103103  0.896897
   83.30   3000.00  0.104104  0.895896
   83.40   3000.00  0.105105  0.894895
   83.50   3000.00  0.105105  0.894895
   83.60   3000.00  0.106106  0.893894
   83.70   3000.00  0.107107  0.892893
   83.80   3000.00  0.107107  0.892893
   83.90   3000.00  0.108108  0.891892
   84.00   3000.00  0.108108  0.891892
   84.10   3000.00  0.109109  0.890891
   84.20   3000.00  0.110110  0.889890
   84.30   3000.00  0.110110  0.889890
   84.40   3000.00  0.111111  0.888889
   84.50   3000.00  0.112112  0.887888
   84.60   3000.00  0.112112  0.887888
   84.70   3000.00  0.113113  0.886887
   84.80   3000.00  0.114114  0.885886
   84.90   3000.00  0.114114  0.885886
   85.00   3000.00  0.115115  0.884885
   85.10   3000.00  0.116116  0.883884
   85.20   3000.00  0.116116  0.883884
   85.30   3000.00  0.117117  0.882883
   85.40   3000.00  0.118118  0.881882
   85.50   3000.00  0.118118  0.881882
   85.60   3000.00  0.119119  0.880881
   85.70   3000.00  0.120120  0.879880
   85.80   3000.00  0.120120  0.879880
   85.90   3000.00  0.121121  0.878879
   86.00   3000.00  0.122122  0.877878
   86.10   3000.00  0.123123  0.876877
   86.20   3000.00  0.123123  0.876877
   86.30   3000.00  0.124124  0.875876
   86.40   3000.00  0.125125  0.874875
   86.50   3000.00  0.126126  0.873874
   86.60   3000.00  0.126126  0.873874
   86.70   3000.00  0.127127  0.872873
   86.80   3000.00  0.128128  0.871872
   86.90   3000.00  0.128128  0.871872
   87.00   3000.00  0.129129  0.870871
   87.10   3000.00  0.130130  0.869870
   87.20   3000.00  0.131131  0.868869
   87.30   3000.00  0.132132  0.867868
   87.40   3000.00  0.132132  0.867868
   87.50   3000.00  0.133133  0.866867
   87.60   3000.00  0.134134  0.865866
   87.70   3000.00  0.135135  0.864865
   87.80   3000.00  0.135135  0.864865
   87.90   3000.00  0.136136  0.863864
   88.00   3000.00  0.137137  0.862863
   88.10   3000.00  0.138138  0.861862
   88.20   3000.00  0.139139  0.860861
   88.30   3000.00  0.139139  0.860861
   88.40   3000.00  0.140140  0.859860
   88.50   3000.00  0.141141  0.858859
   88.60   3000.00  0.142142  0.857858
   88.70   3000.00  0.143143  0.856857
   88.80   3000.00  0.144144  0.855856
   88.90   3000.00  0.144144  0.855856
   89.00   3000.00  0.145145  0.854855
   89.10   3000.00  0.146146  0.853854
   89.20   3000.00  0.147147  0.852853
   89.30   3000.00  0.148148  0.851852
   89.40   3000.00  0.149149  0.850851
   89.50   3000.00  0.149149  0.850851
   89.60   3000.00  0.150150  0.849850
   89.70   3000.00  0.151151  0.848849
   89.80   3000.00  0.152152  0.847848
   89.90   3000.00  0.153153  0.846847
   90.00   3000.00  0.154154  0.845846
   90.10   3000.00  0.155155  0.844845
   90.20   3000.00  0.156156  0.843844
   90.30   3000.00  0.157157  0.842843
   90.40   3000.00  0.157157  0.842843
   90.50   3000.00  0.158158  0.841842
   90.60   3000.00  0.159159  0.840841
   90.70   3000.00  0.160160  0.839840
   90.80   3000.00  0.161161  0.838839
   90.90   3000.00  0.162162  0.837838
   91.00   3000.00  0.163163  0.836837
   91.10   3000.00  0.164164  0.835836
   91.20   3000.00  0.165165  0.834835
   91.30   3000.00  0.166166  0.833834
   91.40   3000.00  0.167167  0.832833
   91.50   3000.00  0.168168  0.831832
   91.60   3000.00  0.169169  0.830831
   91.70   3000.00  0.170170  0.829830
   91.80   3000.00  0.171171  0.828829
   91.90   3000.00  0.172172  0.827828
   92.00   3000.00  0.173173  0.826827
   92.10   3000.00  0.174174  0.825826
   92.20   3000.00  0.175175  0.824825
   92.30   3000.00  0.176176  0.823824
   92.40   3000.00  0.177177  0.822823
   92.50   3000.00  0.178178  0.821822
   92.60   3000.00  0.179179  0.820821
   92.70   3000.00  0.180180  0.819820
   92.80   3000.00  0.181181  0.818819
   92.90   3000.00  0.182182  0.817818
   93.00   3000.00  0.183183  0.816817
   93.10   3000.00  0.184184  0.815816
   93.20   3000.00  0.185185  0.814815
   93.30   3000.00  0.186186  0.813814
   93.40   3000.00  0.187187  0.812813
   93.50   3000.00  0.188188  0.811812
   93.60   3000.00  0.189189  0.810811
   93.70   3000.00  0.190190  0.809810
   93.80   3000.00  0.191191  0.808809
   93.90   3000.00  0.192192  0.807808
   94.00   3000.00  0.193193  0.806807
   94.10   3000.00  0.194194  0.805806
   94.20   3000.00  0.195195  0.804805
   94.30   3000.00  0.197197  0.802803
   94.40   3000.00  0.198198  0.801802
   94.50   3000.00  0.199199  0.800801
   94.60   3000.00  0.200200  0.799800
   94.70   3000.00  0.201201  0.798799
   94.80   3000.00  0.202202  0.797798
   94.90   3000.00  0.203203  0.796797
   95.00   3000.00  0.204204  0.795796
   95.10   3000.00  0.206206  0.793794
   95.20   3000.00  0.207207  0.792793
   95.30   3000.00  0.208208  0.791792
   95.40   3000.00  0.209209  0.790791
   95.50   3000.00  0.210210  0.789790
   95.60   3000.00  0.211211  0.788789
   95.70   3000.00  0.213213  0.786787
   95.80   3000.00  0.214214  0.785786
   95.90   3000.00  0.215215  0.784785
   96.00   3000.00  0.216216  0.783784
   96.10   3000.00  0.217217  0.782783
   96.20   3000.00  0.218218  0.781782
   96.30   3000.00  0.220220  0.779780
   96.40   3000.00  0.221221  0.778779
   96.50   3000.00  0.222222  0.777778
   96.60   3000.00  0.223223  0.776777
   96.70   3000.00  0.225225  0.774775
   96.80   3000.00  0.226226  0.773774
   96.90   3000.00  0.227227  0.772773
   97.00   3000.00  0.228228  0.771772
   97.10   3000.00  0.230230  0.769770
   97.20   3000.00  0.231231  0.768769
   97.30   3000.00  0.232232  0.767768
   97.40   3000.00  0.233233  0.766767
   97.50   3000.00  0.235235  0.764765
   97.60   3000.00  0.236236  0.763764
   97.70   3000.00  0.237237  0.762763
   97.80   3000.00  0.238238  0.761762
   97.90   3000.00  0.240240  0.759760
   98.00   3000.00  0.241241  0.758759
   98.10   3000.00  0.242242  0.757758
   98.20   3000.00  0.244244  0.755756
   98.30   3000.00  0.245245  0.754755
   98.40   3000.00  0.246246  0.753754
   98.50   3000.00  0.248248  0.751752
   98.60   3000.00  0.249249  0.750751
   98.70   3000.00  0.250250  0.749750
   98.80   3000.00  0.252252  0.747748
   98.90   3000.00  0.253253  0.746747
   99.00   3000.00  0.254254  0.745746
   99.10   3000.00  0.256256  0.743744
   99.20   3000.00  0.257257  0.742743
   99.30   3000.00  0.258258  0.741742
   99.40   3000.00  0.260260  0.739740
   99.50   3000.00  0.261261  0.738739
   99.60   3000.00  0.263263  0.736737
   99.70   3000.00  0.264264  0.735736
   99.80   3000.00  0.265265  0.734735
   99.90   3000.00  0.267267  0.732733
  100.00   3000.00  0.268268  0.731732
  100.10   3000.00  0.270270  0.729730
  100.20   3000.00  0.271271  0.728729
  100.30   3000.00  0.272272  0.727728
  100.40   3000.00  0.274274  0.725726
  100.50   3000.00  0.275275  0.724725
  100.60   3000.00  0.277277  0.722723
  100.70   3000.00  0.278278  0.721722
  100.80   3000.00  0.280280  0.719720
  100.90   3000.00  0.281281  0.718719
  101.00   3000.00  0.283283  0.716717
  101.10   3000.00  0.284284  0.715716
  101.20   3000.00  0.286286  0.713714
  101.30   3000.00  0.287287  0.712713
  101.40   3000.00  0.289289  0.710711
  101.50   3000.00  0.290290  0.709710
  101.60   3000.00  0.292292  0.707708
  101.70   3000.00  0.293293  0.706707
  101.80   3000.00  0.295295  0.704705
  101.90   3000.00  0.296296  0.703704
  102.00   3000.00  0.298298  0.701702
  102.10   3000.00  0.299299  0.700701
  102.20   3000.00  0.301301  0.698699
  102.30   3000.00  0.302302  0.697698
  102.40   3000.00  0.304304  0.695696
  102.50   3000.00  0.305305  0.694695
  102.60   3000.00  0.307307  0.692693
  102.70   3000.00  0.308308  0.691692
  102.80   3000.00  0.310310  0.689690
  102.90   3000.00  0.311311  0.688689
  103.00   3000.00  0.313313  0.686687
  103.10   3000.00  0.315315  0.684685
  103.20   3000.00  0.316316  0.683684
  103.30   3000.00  0.318318  0.681682
  103.40   3000.00  0.319319  0.680681
  103.50   3000.00  0.321321  0.678679
  103.60   3000.00  0.323323  0.676677
  103.70   3000.00  0.324324  0.675676
  103.80   3000.00  0.326326  0.673674
  103.90   3000.00  0.327327  0.672673
  104.00   3000.00  0.329329  0.670671
  104.10   3000.00  0.331331  0.668669
  104.20   3000.00  0.332332  0.667668
  104.30   3000.00  0.334334  0.665666
  104.40   3000.00  0.335335  0.664665
  104.50   3000.00  0.337337  0.662663
  104.60   3000.00  0.339339  0.660661
  104.70   3000.00  0.340340  0.659660
  104.80   3000.00  0.342342  0.657658
  104.90   3000.00  0.344344  0.655656
  105.00   3000.00  0.345345  0.654655
  105.10   3000.00  0.347347  0.652653
  105.20   3000.00  0.349349  0.650651
  105.30   3000.00  0.350350  0.649650
  105.40   3000.00  0.352352  0.647648
  105.50   3000.00  0.354354  0.645646
  105.60   3000.00  0.356356  0.643644
  105.70   3000.00  0.357357  0.642643
  105.80   3000.00  0.359359  0.640641
  105.90   3000.00  0.361361  0.638639
  106.00   3000.00  0.362362  0.637638
  106.10   3000.00  0.364364  0.635636
  106.20   3000.00  0.366366  0.633634
  106.30   3000.00  0.368368  0.631632
  106.40   3000.00  0.369369  0.630631
  106.50   3000.00  0.371371  0.628629
  106.60   3000.00  0.373373  0.626627
  106.70   3000.00  0.374374  0.625626
  106.80   3000.00  0.376376  0.623624
  106.90   3000.00  0.378378  0.621622
  107.00   3000.00  0.380380  0.619620
  107.10   3000.00  0.381381  0.618619
  107.20   3000.00  0.383383  0.616617
  107.30   3000.00  0.385385  0.614615
  107.40   3000.00  0.387387  0.612613
  107.50   3000.00  0.389389  0.610611
  107.60   3000.00  0.390390  0.609610
  107.70   3000.00  0.392392  0.607608
  107.80   3000.00  0.394394  0.605606
  107.90   3000.00  0.396396  0.603604
  108.00   3000.00  0.397397  0.602603
  108.10   3000.00  0.399399  0.600601
  108.20   3000.00  0.401401  0.598599
  108.30   3000.00  0.403403  0.596597
  108.40   3000.00  0.405405  0.594595
  108.50   3000.00  0.406406  0.593594
  108.60   3000.00  0.408408  0.591592
  108.70   3000.00  0.410410  0.589590
  108.80   3000.00  0.412412  0.587588
  108.90   3000.00  0.414414  0.585586
  109.00   3000.00  0.416416  0.583584
  109.10   3000.00  0.417417  0.582583
  109.20   3000.00  0.419419  0.580581
  109.30   3000.00  0.421421  0.578579
  109.40   3000.00  0.423423  0.576577
  109.50   3000.00  0.425425  0.574575
  109.60   3000.00  0.427427  0.572573
  109.70   3000.00  0.428428  0.571572
  109.80   3000.00  0.430430  0.569570
  109.90   3000.00  0.432432  0.567568
  110.00   3000.00  0.434434  0.565566
  110.10   3000.00  0.436436  0.563564
  110.20   3000.00  0.438438  0.561562
  110.30   3000.00  0.440440  0.559560
  110.40   3000.00  0.441441  0.558559
  110.50   3000.00  0.443443  0.556557
  110.60   3000.00  0.445445  0.554555
  110.70   3000.00  0.447447  0.552553
  110.80   3000.00  0.449449  0.550551
  110.90   3000.00  0.451451  0.548549
  111.00   3000.00  0.453453  0.546547
  111.10   3000.00  0.455455  0.544545
  111.20   3000.00  0.456456  0.543544
  111.30   3000.00  0.458458  0.541542
  111.40   3000.00  0.460460  0.539540
  111.50   3000.00  0.462462  0.537538
  111.60   3000.00  0.464464  0.535536
  111.70   3000.00  0.466466  0.533534
  111.80   3000.00  0.468468  0.531532
  111.90   3000.00  0.470470  0.529530
  112.00   3000.00  0.472472  0.527528
  112.10   3000.00  0.473473  0.526527
  112.20   3000.00  0.475475  0.524525
  112.30   3000.00  0.477477  0.522523
  112.40   3000.00  0.479479  0.520521
  112.50   3000.00  0.481481  0.518519
  112.60   3000.00  0.483483  0.516517
  112.70   3000.00  0.485485  0.514515
  112.80   3000.00  0.487487  0.512513
  112.90   3000.00  0.489489  0.510511
  113.00   3000.00  0.491491  0.508509
  113.10   3000.00  0.493493  0.506507
  113.20   3000.00  0.495495  0.504505
  113.30   3000.00  0.496496  0.503504
  113.40   3000.00  0.498498  0.501502
  113.50   3000.00  0.500501  0.499499
  113.60   3000.00  0.502503  0.497497
  113.70   3000.00  0.504505  0.495495
  113.80   3000.00  0.506507  0.493493
  113.90   3000.00  0.508509  0.491491
  114.00   3000.00  0.510511  0.489489
  114.10   3000.00  0.512513  0.487487
  114.20   3000.00  0.514515  0.485485
  114.30   3000.00  0.516517  0.483483
  114.40   3000.00  0.518519  0.481481
  114.50   3000.00  0.519520  0.480480
  114.60   3000.00  0.521522  0.478478
  114.70   3000.00  0.523524  0.476476
  114.80   3000.00  0.525526  0.474474
  114.90   3000.00  0.527528  0.472472
  115.00   3000.00  0.529530  0.470470
  115.10   3000.00  0.531532  0.468468
  115.20   3000.00  0.533534  0.466466
  115.30   3000.00  0.535536  0.464464
  115.40   3000.00  0.537538  0.462462
  115.50   3000.00  0.539540  0.460460
  115.60   3000.00  0.541542  0.458458
  115.70   3000.00  0.543544  0.456456
  115.80   3000.00  0.545546  0.454454
  115.90   3000.00  0.546547  0.453453
  116.00   3000.00  0.548549  0.451451
  116.10   3000.00  0.550551  0.449449
  116.20   3000.00  0.552553  0.447447
  116.30   3000.00  0.554555  0.445445
  116.40   3000.00  0.556557  0.443443
  116.50   3000.00  0.558559  0.441441
  116.60   3000.00  0.560561  0.439439
  116.70   3000.00  0.562563  0.437437
  116.80   3000.00  0.564565  0.435435
  116.90   3000.00  0.566567  0.433433
  117.00   3000.00  0.568569  0.431431
  117.10   3000.00  0.569570  0.430430
  117.20   3000.00  0.571572  0.428428
  117.30   3000.00  0.573574  0.426426
  117.40   3000.00  0.575576  0.424424
  117.50   3000.00  0.577578  0.422422
  117.60   3000.00  0.579580  0.420420
  117.70   3000.00  0.581582  0.418418
  117.80   3000.00  0.583584  0.416416
  117.90   3000.00  0.585586  0.414414
  118.00   3000.00  0.587588  0.412412
  118.10   3000.00  0.589590  0.410410
  118.20   3000.00  0.590591  0.409409
  118.30   3000.00  0.592593  0.407407
  118.40   3000.00  0.594595  0.405405
  118.50   3000.00  0.596597  0.403403
  118.60   3000.00  0.598599  0.401401
  118.70   3000.00  0.600601  0.399399
  118.80   3000.00  0.602603  0.397397
  118.90   3000.00  0.604605  0.395395
  119.00   3000.00  0.606607  0.393393
  119.10   3000.00  0.607608  0.392392
  119.20   3000.00  0.609610  0.390390
  119.30   3000.00  0.611612  0.388388
  119.40   3000.00  0.613614  0.386386
  119.50   3000.00  0.615616  0.384384
  119.60   3000.00  0.617618  0.382382
  119.70   3000.00  0.619620  0.380380
  119.80   3000.00  0.621622  0.378378
  119.90   3000.00  0.622623  0.377377
  120.00   3000.00  0.624625  0.375375
  120.10   3000.00  0.626627  0.373373
  120.20   3000.00  0.628629  0.371371
  120.30   3000.00  0.630631  0.369369
  120.40   3000.00  0.632633  0.367367
  120.50   3000.00  0.633634  0.366366
  120.60   3000.00  0.635636  0.364364
  120.70   3000.00  0.637638  0.362362
  120.80   3000.00  0.639640  0.360360
  120.90   3000.00  0.641642  0.358358
  121.00   3000.00  0.643644  0.356356
  121.10   3000.00  0.644645  0.355355
  121.20   3000.00  0.646647  0.353353
  121.30   3000.00  0.648649  0.351351
  121.40   3000.00  0.650651  0.349349
  121.50   3000.00  0.652653  0.347347
  121.60   3000.00  0.653654  0.346346
  121.70   3000.00  0.655656  0.344344
  121.80   3000.00  0.657658  0.342342
  121.90   3000.00  0.659660  0.340340
  122.00   3000.00  0.661662  0.338338
  122.10   3000.00  0.662663  0.337337
  122.20   3000.00  0.664665  0.335335
  122.30   3000.00  0.666667  0.333333
  122.40   3000.00  0.668669  0.331331
  122.50   3000.00  0.670671  0.329329
  122.60   3000.00  0.671672  0.328328
  122.70   3000.00  0.673674  0.326326
  122.80   3000.00  0.675676  0.324324
  122.90   3000.00  0.677678  0.322322
  123.00   3000.00  0.678679  0.321321
  123.10   3000.00  0.680681  0.319319
  123.20   3000.00  0.682683  0.317317
  123.30   3000.00  0.684685  0.315315
  123.40   3000.00  0.685686  0.314314
  123.50   3000.00  0.687688  0.312312
  123.60   3000.00  0.689690  0.310310
  123.70   3000.00  0.690691  0.309309
  123.80   3000.00  0.692693  0.307307
  123.90   3000.00  0.694695  0.305305
  124.00   3000.00  0.696697  0.303303
  124.10   3000.00  0.697698  0.302302
  124.20   3000.00  0.699700  0.300300
  124.30   3000.00  0.701702  0.298298
  124.40   3000.00  0.702703  0.297297
  124.50   3000.00  0.704705  0.295295
  124.60   3000.00  0.706707  0.293293
  124.70   3000.00  0.707708  0.292292
  124.80   3000.00  0.709710  0.290290
  124.90   3000.00  0.711712  0.288288
  125.00   3000.00  0.712713  0.287287
  125.10   3000.00  0.714715  0.285285
  125.20   3000.00  0.716717  0.283283
  125.30   3000.00  0.717718  0.282282
  125.40   3000.00  0.719720  0.280280
  125.50   3000.00  0.721722  0.278278
  125.60   3000.00  0.722723  0.277277
  125.70   3000.00  0.724725  0.275275
  125.80   3000.00  0.725726  0.274274
  125.90   3000.00  0.727728  0.272272
  126.00   3000.00  0.729730  0.270270
  126.10   3000.00  0.730731  0.269269
  126.20   3000.00  0.732733  0.267267
  126.30   3000.00  0.733734  0.266266
  126.40   3000.00  0.735736  0.264264
  126.50   3000.00  0.737738  0.262262
  126.60   3000.00  0.738739  0.261261
  126.70   3000.00  0.740741  0.259259
  126.80   3000.00  0.741742  0.258258
  126.90   3000.00  0.743744  0.256256
  127.00   3000.00  0.744745  0.255255
  127.10   3000.00  0.746747  0.253253
  127.20   3000.00  0.747748  0.252252
  127.30   3000.00  0.749750  0.250250
  127.40   3000.00  0.751752  0.248248
  127.50   3000.00  0.752753  0.247247
  127.60   3000.00  0.754755  0.245245
  127.70   3000.00  0.755756  0.244244
  127.80   3000.00  0.757758  0.242242
  127.90   3000.00  0.758759  0.241241
  128.00   3000.00  0.760761  0.239239
  128.10   3000.00  0.761762  0.238238
  128.20   3000.00  0.763764  0.236236
  128.30   3000.00  0.764765  0.235235
  128.40   3000.00  0.766767  0.233233
  128.50   3000.00  0.767768  0.232232
  128.60   3000.00  0.768769  0.231231
  128.70   3000.00  0.770771  0.229229
  128.80   3000.00  0.771772  0.228228
  128.90   3000.00  0.773774  0.226226
  129.00   3000.00  0.774775  0.225225
  129.10   3000.00  0.776777  0.223223
  129.20   3000.00  0.777778  0.222222
  129.30   3000.00  0.778779  0.221221
  129.40   3000.00  0.780781  0.219219
  129.50   3000.00  0.781782  0.218218
  129.60   3000.00  0.783784  0.216216
  129.70   3000.00  0.784785  0.215215
  129.80   3000.00  0.785786  0.214214
  129.90   3000.00  0.787788  0.212212
  130.00   3000.00  0.788789  0.211211
  130.10   3000.00  0.790791  0.209209
  130.20   3000.00  0.791792  0.208208
  130.30   3000.00  0.792793  0.207207
  130.40   3000.00  0.794795  0.205205
  130.50   3000.00  0.795796  0.204204
  130.60   3000.00  0.796797  0.203203
  130.70   3000.00  0.798799  0.201201
  130.80   3000.00  0.799800  0.200200
  130.90   3000.00  0.800801  0.199199
  131.00   3000.00  0.802803  0.197197
  131.10   3000.00  0.803804  0.196196
  131.20   3000.00  0.804805  0.195195
  131.30   3000.00  0.806807  0.193193
  131.40   3000.00  0.807808  0.192192
  131.50   3000.00  0.808809  0.191191
  131.60   3000.00  0.809810  0.190190
  131.70   3000.00  0.811812  0.188188
  131.80   3000.00  0.812813  0.187187
  131.90   3000.00  0.813814  0.186186
  132.00   3000.00  0.815816  0.184184
  132.10   3000.00  0.816817  0.183183
  132.20   3000.00  0.817818  0.182182
  132.30   3000.00  0.818819  0.181181
  132.40   3000.00  0.820821  0.179179
  132.50   3000.00  0.821822  0.178178
  132.60   3000.00  0.822823  0.177177
  132.70   3000.00  0.823824  0.176176
  132.80   3000.00  0.824825  0.175175
  132.90   3000.00  0.826827  0.173173
  133.00   3000.00  0.827828  0.172172
  133.10   3000.00  0.828829  0.171171
  133.20   3000.00  0.829830  0.170170
  133.30   3000.00  0.830831  0.169169
  133.40   3000.00  0.831832  0.168168
  133.50   3000.00  0.833834  0.166166
  133.60   3000.00  0.834835  0.165165
  133.70   3000.00  0.835836  0.164164
  133.80   3000.00  0.836837  0.163163
  133.90   3000.00  0.837838  0.162162
  134.00   3000.00  0.838839  0.161161
  134.10   3000.00  0.840841  0.159159
  134.20   3000.00  0.841842  0.158158
  134.30   3000.00  0.842843  0.157157
  134.40   3000.00  0.843844  0.156156
  134.50   3000.00  0.844845  0.155155
  134.60   3000.00  0.845846  0.154154
  134.70   3000.00  0.846847  0.153153
  134.80   3000.00  0.847848  0.152152
  134.90   3000.00  0.848849  0.151151
  135.00   3000.00  0.849850  0.150150
  135.10   3000.00  0.850851  0.149149
  135.20   3000.00  0.852853  0.147147
  135.30   3000.00  0.853854  0.146146
  135.40   3000.00  0.854855  0.145145
  135.50   3000.00  0.855856  0.144144
  135.60   3000.00  0.856857  0.143143
  135.70   3000.00  0.857858  0.142142
  135.80   3000.00  0.858859  0.141141
  135.90   3000.00  0.859860  0.140140
  136.00   3000.00  0.860861  0.139139
  136.10   3000.00  0.861862  0.138138
  136.20   3000.00  0.862863  0.137137
  136.30   3000.00  0.863864  0.136136
  136.40   3000.00  0.864865  0.135135
  136.50   3000.00  0.865866  0.134134
  136.60   3000.00  0.866867  0.133133
  136.70   3000.00  0.867868  0.132132
  136.80   3000.00  0.868869  0.131131
  136.90   3000.00  0.869870  0.130130
  137.00   3000.00  0.870871  0.129129
  137.10   3000.00  0.871872  0.128128
  137.20   3000.00  0.872873  0.127127
  137.30   3000.00  0.873874  0.126126
  137.40   3000.00  0.874875  0.125125
  137.50   3000.00  0.874875  0.125125
  137.60   3000.00  0.875876  0.124124
  137.70   3000.00  0.876877  0.123123
  137.80   3000.00  0.877878  0.122122
  137.90   3000.00  0.878879  0.121121
  138.00   3000.00  0.879880  0.120120
  138.10   3000.00  0.880881  0.119119
  138.20   3000.00  0.881882  0.118118
  138.30   3000.00  0.882883  0.117117
  138.40   3000.00  0.883884  0.116116
  138.50   3000.00  0.883884  0.116116
  138.60   3000.00  0.884885  0.115115
  138.70   3000.00  0.885886  0.114114
  138.80   3000.00  0.886887  0.113113
  138.90   3000.00  0.887888  0.112112
  139.00   3000.00  0.888889  0.111111
  139.10   3000.00  0.889890  0.110110
  139.20   3000.00  0.889890  0.110110
  139.30   3000.00  0.890891  0.109109
  139.40   3000.00  0.891892  0.108108
  139.50   3000.00  0.892893  0.107107
  139.60   3000.00  0.893894  0.106106
  139.70   3000.00  0.894895  0.105105
  139.80   3000.00  0.894895  0.105105
  139.90   3000.00  0.895896  0.104104
  140.00   3000.00  0.896897  0.103103
