#  P(GPa)    T(K)     n_LS     n_HS
    0.00   3000.00  0.018018  0.981982
    0.10   3000.00  0.018018  0.981982
    0.20   3000.00  0.018018  0.981982
    0.30   3000.00  0.018018  0.981982
    0.40   3000.00  0.018018  0.981982
    0.50   3000.00  0.018018  0.981982
    0.60   3000.00  0.018018  0.981982
    0.70   3000.00  0.018018  0.981982
    0.80   3000.00  0.018018  0.981982
    0.90   3000.00  0.018018  0.981982
    1.00   3000.00  0.018018  0.981982
    1.10   3000.00  0.018018  0.981982
    1.20   3000.00  0.018018  0.981982
    1.30   3000.00  0.018018  0.981982
    1.40   3000.00  0.018018  0.981982
    1.50   3000.00  0.018018  0.981982
    1.60   3000.00  0.018018  0.981982
    1.70   3000.00  0.018018  0.981982
    1.80   3000.00  0.018018  0.981982
    1.90   3000.00  0.018018  0.981982
    2.00   3000.00  0.018018  0.981982
    2.10   3000.00  0.018018  0.981982
    2.20   3000.00  0.018018  0.981982
    2.30   3000.00  0.018018  0.981982
    2.40   3000.00  0.018018  0.981982
    2.50   3000.00  0.018018  0.981982
    2.60   3000.00  0.018018  0.981982
    2.70   3000.00  0.018018  0.981982
    2.80   3000.00  0.018018  0.981982
    2.90   3000.00  0.018018  0.981982
    3.00   3000.00  0.018018  0.981982
    3.10   3000.00  0.018018  0.981982
    3.20   3000.00  0.018018  0.981982
    3.30   3000.00  0.018018  0.981982
    3.40   3000.00  0.018018  0.981982
    3.50   3000.00  0.018018  0.981982
    3.60   3000.00  0.018018  0.981982
    3.70   3000.00  0.018018  0.981982
    3.80   3000.00  0.018018  0.981982
    3.90   3000.00  0.018018  0.981982
    4.00   3000.00  0.018018  0.981982
    4.10   3000.00  0.018018  0.981982
    4.20   3000.00  0.018018  0.981982
    4.30   3000.00  0.018018  0.981982
    4.40   3000.00  0.018018  0.981982
    4.50   3000.00  0.018018  0.981982
    4.60   3000.00  0.019019  0.980981
    4.70   3000.00  0.019019  0.980981
    4.80   3000.00  0.019019  0.980981
    4.90   3000.00  0.019019  0.980981
    5.00   3000.00  0.019019  0.980981
    5.10   3000.00  0.019019  0.980981
    5.20   3000.00  0.019019  0.980981
    5.30   3000.00  0.019019  0.980981
    5.40   3000.00  0.019019  0.980981
    5.50   3000.00  0.019019  0.980981
    5.60   3000.00  0.019019  0.980981
    5.70   3000.00  0.019019  0.980981
    5.80   3000.00  0.019019  0.980981
    5.90   3000.00  0.019019  0.980981
    6.00   3000.00  0.019019  0.980981
    6.10   3000.00  0.019019  0.980981
    6.20   3000.00  0.019019  0.980981
    6.30   3000.00  0.019019  0.980981
    6.40   3000.00  0.019019  0.980981
    6.50   3000.00  0.019019  0.980981
    6.60   3000.00  0.019019  0.980981
    6.70   3000.00  0.019019  0.980981
    6.80   3000.00  0.019019  0.980981
    6.90   3000.00  0.019019  0.980981
    7.00   3000.00  0.019019  0.980981
    7.10   3000.00  0.019019  0.980981
    7.20   3000.00  0.019019  0.980981
    7.30   3000.00  0.019019  0.980981
    7.40   3000.00  0.019019  0.980981
    7.50   3000.00  0.019019  0.980981
    7.60   3000.00  0.019019  0.980981
    7.70   3000.00  0.019019  0.980981
    7.80   3000.00  0.019019  0.980981
    7.90   3000.00  0.019019  0.980981
    8.00   3000.00  0.019019  0.980981
    8.10   3000.00  0.019019  0.980981
    8.20   3000.00  0.019019  0.980981
    8.30   3000.00  0.019019  0.980981
    8.40   3000.00  0.019019  0.980981
    8.50   3000.00  0.019019  0.980981
    8.60   3000.00  0.020020  0.979980
    8.70   3000.00  0.020020  0.979980
    8.80   3000.00  0.020020  0.979980
    8.90   3000.00  0.020020  0.979980
    9.00   3000.00  0.020020  0.979980
    9.10   3000.00  0.020020  0.979980
    9.20   3000.00  0.020020  0.979980
    9.30   3000.00  0.020020  0.979980
    9.40   3000.00  0.020020  0.979980
    9.50   3000.00  0.020020  0.979980
    9.60   3000.00  0.020020  0.979980
    9.70   3000.00  0.020020  0.979980
    9.80   3000.00  0.020020  0.979980
    9.90   3000.00  0.020020  0.979980
   10.00   3000.00  0.020020  0.979980
   10.10   3000.00  0.020020  0.979980
   10.20   3000.00  0.020020  0.979980
   10.30   3000.00  0.020020  0.979980
   10.40   3000.00  0.020020  0.979980
   10.50   3000.00  0.020020  0.979980
   10.60   3000.00  0.020020  0.979980
   10.70   3000.00  0.020020  0.979980
   10.80   3000.00  0.020020  0.979980
   10.90   3000.00  0.020020  0.979980
   11.00   3000.00  0.020020  0.979980
   11.10   3000.00  0.020020  0.979980
   11.20   3000.00  0.020020  0.979980
   11.30   3000.00  0.020020  0.979980
   11.40   3000.00  0.021021  0.978979
   11.50   3000.00  0.021021  0.978979
   11.60   3000.00  0.021021  0.978979
   11.70   3000.00  0.021021  0.978979
   11.80   3000.00  0.021021  0.978979
   11.90   3000.00  0.021021  0.978979
   12.00   3000.00  0.021021  0.978979
   12.10   3000.00  0.021021  0.978979
   12.20   3000.00  0.021021  0.978979
   12.30   3000.00  0.021021  0.978979
   12.40   3000.00  0.021021  0.978979
   12.50   3000.00  0.021021  0.978979
   12.60   3000.00  0.021021  0.978979
   12.70   3000.00  0.021021  0.978979
   12.80   3000.00  0.021021  0.978979
   12.90   3000.00  0.021021  0.978979
   13.00   3000.00  0.021021  0.978979
   13.10   3000.00  0.021021  0.978979
   13.20   3000.00  0.021021  0.978979
   13.30   3000.00  0.021021  0.978979
   13.40   3000.00  0.021021  0.978979
   13.50   3000.00  0.021021  0.978979
   13.60   3000.00  0.022022  0.977978
   13.70   3000.00  0.022022  0.977978
   13.80   3000.00  0.022022  0.977978
   13.90   3000.00  0.022022  0.977978
   14.00   3000.00  0.022022  0.977978
   14.10   3000.00  0.022022  0.977978
   14.20   3000.00  0.022022  0.977978
   14.30   3000.00  0.022022  0.977978
   14.40   3000.00  0.022022  0.977978
   14.50   3000.00  0.022022  0.977978
   14.60   3000.00  0.022022  0.977978
   14.70   3000.00  0.022022  0.977978
   14.80   3000.00  0.022022  0.977978
   14.90   3000.00  0.022022  0.977978
   15.00   3000.00  0.022022  0.977978
   15.10   3000.00  0.022022  0.977978
   15.20   3000.00  0.022022  0.977978
   15.30   3000.00  0.022022  0.977978
   15.40   3000.00  0.022022  0.977978
   15.50   3000.00  0.022022  0.977978
   15.60   3000.00  0.023023  0.976977
   15.70   3000.00  0.023023  0.976977
   15.80   3000.00  0.023023  0.976977
   15.90   3000.00  0.023023  0.976977
   16.00   3000.00  0.023023  0.976977
   16.10   3000.00  0.023023  0.976977
   16.20   3000.00  0.023023  0.976977
   16.30   3000.00  0.023023  0.976977
   16.40   3000.00  0.023023  0.976977
   16.50   3000.00  0.023023  0.976977
   16.60   3000.00  0.023023  0.976977
   16.70   3000.00  0.023023  0.976977
   16.80   3000.00  0.023023  0.976977
   16.90   3000.00  0.023023  0.976977
   17.00   3000.00  0.023023  0.976977
   17.10   3000.00  0.023023  0.976977
   17.20   3000.00  0.023023  0.976977
   17.30   3000.00  0.024024  0.975976
   17.40   3000.00  0.024024  0.975976
   17.50   3000.00  0.024024  0.975976
   17.60   3000.00  0.024024  0.975976
   17.70   3000.00  0.024024  0.975976
   17.80   3000.00  0.024024  0.975976
   17.90   3000.00  0.024024  0.975976
   18.00   3000.00  0.024024  0.975976
   18.10   3000.00  0.024024  0.975976
   18.20   3000.00  0.024024  0.975976
   18.30   3000.00  0.024024  0.975976
   18.40   3000.00  0.024024  0.975976
   18.50   3000.00  0.024024  0.975976
   18.60   3000.00  0.024024  0.975976
   18.70   3000.00  0.024024  0.975976
   18.80   3000.00  0.024024  0.975976
   18.90   3000.00  0.025025  0.974975
   19.00   3000.00  0.025025  0.974975
   19.10   3000.00  0.025025  0.974975
   19.20   3000.00  0.025025  0.974975
   19.30   3000.00  0.025025  0.974975
   19.40   3000.00  0.025025  0.974975
   19.50   3000.00  0.025025  0.974975
   19.60   3000.00  0.025025  0.974975
   19.70   3000.00  0.025025  0.974975
   19.80   3000.00  0.025025  0.974975
   19.90   3000.00  0.025025  0.974975
   20.00   3000.00  0.025025  0.974975
   20.10   3000.00  0.025025  0.974975
   20.20   3000.00  0.025025  0.974975
   20.30   3000.00  0.026026  0.973974
   20.40   3000.00  0.026026  0.973974
   20.50   3000.00  0.026026  0.973974
   20.60   3000.00  0.026026  0.973974
   20.70   3000.00  0.026026  0.973974
   20.80   3000.00  0.026026  0.973974
   20.90   3000.00  0.026026  0.973974
   21.00   3000.00  0.026026  0.973974
   21.10   3000.00  0.026026  0.973974
   21.20   3000.00  0.026026  0.973974
   21.30   3000.00  0.026026  0.973974
   21.40   3000.00  0.026026  0.973974
   21.50   3000.00  0.026026  0.973974
   21.60   3000.00  0.027027  0.972973
   21.70   3000.00  0.027027  0.972973
   21.80   3000.00  0.027027  0.972973
   21.90   3000.00  0.027027  0.972973
   22.00   3000.00  0.027027  0.972973
   22.10   3000.00  0.027027  0.972973
   22.20   3000.00  0.027027  0.972973
   22.30   3000.00  0.027027  0.972973
   22.40   3000.00  0.027027  0.972973
   22.50   3000.00  0.027027  0.972973
   22.60   3000.00  0.027027  0.972973
   22.70   3000.00  0.027027  0.972973
   22.80   3000.00  0.028028  0.971972
   22.90   3000.00  0.028028  0.971972
   23.00   3000.00  0.028028  0.971972
   23.10   3000.00  0.028028  0.971972
   23.20   3000.00  0.028028  0.971972
   23.30   3000.00  0.028028  0.971972
   23.40   3000.00  0.028028  0.971972
   23.50   3000.00  0.028028  0.971972
   23.60   3000.00  0.028028  0.971972
   23.70   3000.00  0.028028  0.971972
   23.80   3000.00  0.028028  0.971972
   23.90   3000.00  0.028028  0.971972
   24.00   3000.00  0.029029  0.970971
   24.10   3000.00  0.029029  0.970971
   24.20   3000.00  0.029029  0.970971
   24.30   3000.00  0.029029  0.970971
   24.40   3000.00  0.029029  0.970971
   24.50   3000.00  0.029029  0.970971
   24.60   3000.00  0.029029  0.970971
   24.70   3000.00  0.029029  0.970971
   24.80   3000.00  0.029029  0.970971
   24.90   3000.00  0.029029  0.970971
   25.00   3000.00  0.029029  0.970971
   25.10   3000.00  0.030030  0.969970
   25.20   3000.00  0.030030  0.969970
   25.30   3000.00  0.030030  0.969970
   25.40   3000.00  0.030030  0.969970
   25.50   3000.00  0.030030  0.969970
   25.60   3000.00  0.030030  0.969970
   25.70   3000.00  0.030030  0.969970
   25.80   3000.00  0.030030  0.969970
   25.90   3000.00  0.030030  0.969970
   26.00   3000.00  0.030030  0.969970
   26.10   3000.00  0.031031  0.968969
   26.20   3000.00  0.031031  0.968969
   26.30   3000.00  0.031031  0.968969
   26.40   3000.00  0.031031  0.968969
   26.50   3000.00  0.031031  0.968969
   26.60   3000.00  0.031031  0.968969
   26.70   3000.00  0.031031  0.968969
   26.80   3000.00  0.031031  0.968969
   26.90   3000.00  0.031031  0.968969
   27.00   3000.00  0.031031  0.968969
   27.10   3000.00  0.032032  0.967968
   27.20   3000.00  0.032032  0.967968
   27.30   3000.00  0.032032  0.967968
   27.40   3000.00  0.032032  0.967968
   27.50   3000.00  0.032032  0.967968
   27.60   3000.00  0.032032  0.967968
   27.70   3000.00  0.032032  0.967968
   27.80   3000.00  0.032032  0.967968
   27.90   3000.00  0.032032  0.967968
   28.00   3000.00  0.033033  0.966967
   28.10   3000.00  0.033033  0.966967
   28.20   3000.00  0.033033  0.966967
   28.30   3000.00  0.033033  0.966967
   28.40   3000.00  0.033033  0.966967
   28.50   3000.00  0.033033  0.966967
   28.60   3000.00  0.033033  0.966967
   28.70   3000.00  0.033033  0.966967
   28.80   3000.00  0.034034  0.965966
   28.90   3000.00  0.034034  0.965966
   29.00   3000.00  0.034034  0.965966
   29.10   3000.00  0.034034  0.965966
   29.20   3000.00  0.034034  0.965966
   29.30   3000.00  0.034034  0.965966
   29.40   3000.00  0.034034  0.965966
   29.50   3000.00  0.034034  0.965966
   29.60   3000.00  0.034034  0.965966
   29.70   3000.00  0.035035  0.964965
   29.80   3000.00  0.035035  0.964965
   29.90   3000.00  0.035035  0.964965
   30.00   3000.00  0.035035  0.964965
   30.10   3000.00  0.035035  0.964965
   30.20   3000.00  0.035035  0.964965
   30.30   3000.00  0.035035  0.964965
   30.40   3000.00  0.035035  0.964965
   30.50   3000.00  0.036036  0.963964
   30.60   3000.00  0.036036  0.963964
   30.70   3000.00  0.036036  0.963964
   30.80   3000.00  0.036036  0.963964
   30.90   3000.00  0.036036  0.963964
   31.00   3000.00  0.036036  0.963964
   31.10   3000.00  0.036036  0.963964
   31.20   3000.00  0.037037  0.962963
   31.30   3000.00  0.037037  0.962963
   31.40   3000.00  0.037037  0.962963
   31.50   3000.00  0.037037  0.962963
   31.60   3000.00  0.037037  0.962963
   31.70   3000.00  0.037037  0.962963
   31.80   3000.00  0.037037  0.962963
   31.90   3000.00  0.037037  0.962963
   32.00   3000.00  0.038038  0.961962
   32.10   3000.00  0.038038  0.961962
   32.20   3000.00  0.038038  0.961962
   32.30   3000.00  0.038038  0.961962
   32.40   3000.00  0.038038  0.961962
   32.50   3000.00  0.038038  0.961962
   32.60   3000.00  0.038038  0.961962
   32.70   3000.00  0.039039  0.960961
   32.80   3000.00  0.039039  0.960961
   32.90   3000.00  0.039039  0.960961
   33.00   3000.00  0.039039  0.960961
   33.10   3000.00  0.039039  0.960961
   33.20   3000.00  0.039039  0.960961
   33.30   3000.00  0.039039  0.960961
   33.40   3000.00  0.040040  0.959960
   33.50   3000.00  0.040040  0.959960
   33.60   3000.00  0.040040  0.959960
   33.70   3000.00  0.040040  0.959960
   33.80   3000.00  0.040040  0.959960
   33.90   3000.00  0.040040  0.959960
   34.00   3000.00  0.041041  0.958959
   34.10   3000.00  0.041041  0.958959
   34.20   3000.00  0.041041  0.958959
   34.30   3000.00  0.041041  0.958959
   34.40   3000.00  0.041041  0.958959
   34.50   3000.00  0.041041  0.958959
   34.60   3000.00  0.041041  0.958959
   34.70   3000.00  0.042042  0.957958
   34.80   3000.00  0.042042  0.957958
   34.90   3000.00  0.042042  0.957958
   35.00   3000.00  0.042042  0.957958
   35.10   3000.00  0.042042  0.957958
   35.20   3000.00  0.042042  0.957958
   35.30   3000.00  0.043043  0.956957
   35.40   3000.00  0.043043  0.956957
   35.50   3000.00  0.043043  0.956957
   35.60   3000.00  0.043043  0.956957
   35.70   3000.00  0.043043  0.956957
   35.80   3000.00  0.043043  0.956957
   35.90   3000.00  0.044044  0.955956
   36.00   3000.00  0.044044  0.955956
   36.10   3000.00  0.044044  0.955956
   36.20   3000.00  0.044044  0.955956
   36.30   3000.00  0.044044  0.955956
   36.40   3000.00  0.044044  0.955956
   36.50   3000.00  0.045045  0.954955
   36.60   3000.00  0.045045  0.954955
   36.70   3000.00  0.045045  0.954955
   36.80   3000.00  0.045045  0.954955
   36.90   3000.00  0.045045  0.954955
   37.00   3000.00  0.046046  0.953954
   37.10   3000.00  0.046046  0.953954
   37.20   3000.00  0.046046  0.953954
   37.30   3000.00  0.046046  0.953954
   37.40   3000.00  0.046046  0.953954
   37.50   3000.00  0.046046  0.953954
   37.60   3000.00  0.047047  0.952953
   37.70   3000.00  0.047047  0.952953
   37.80   3000.00  0.047047  0.952953
   37.90   3000.00  0.047047  0.952953
   38.00   3000.00  0.047047  0.952953
   38.10   3000.00  0.048048  0.951952
   38.20   3000.00  0.048048  0.951952
   38.30   3000.00  0.048048  0.951952
   38.40   3000.00  0.048048  0.951952
   38.50   3000.00  0.048048  0.951952
   38.60   3000.00  0.049049  0.950951
   38.70   3000.00  0.049049  0.950951
   38.80   3000.00  0.049049  0.950951
   38.90   3000.00  0.049049  0.950951
   39.00   3000.00  0.049049  0.950951
   39.10   3000.00  0.050050  0.949950
   39.20   3000.00  0.050050  0.949950
   39.30   3000.00  0.050050  0.949950
   39.40   3000.00  0.050050  0.949950
   39.50   3000.00  0.050050  0.949950
   39.60   3000.00  0.051051  0.948949
   39.70   3000.00  0.051051  0.948949
   39.80   3000.00  0.051051  0.948949
   39.90   3000.00  0.051051  0.948949
   40.00   3000.00  0.051051  0.948949
   40.10   3000.00  0.052052  0.947948
   40.20   3000.00  0.052052  0.947948
   40.30   3000.00  0.052052  0.947948
   40.40   3000.00  0.052052  0.947948
   40.50   3000.00  0.053053  0.946947
   40.60   3000.00  0.053053  0.946947
   40.70   3000.00  0.053053  0.946947
   40.80   3000.00  0.053053  0.946947
   40.90   3000.00  0.053053  0.946947
   41.00   3000.00  0.054054  0.945946
   41.10   3000.00  0.054054  0.945946
   41.20   3000.00  0.054054  0.945946
   41.30   3000.00  0.054054  0.945946
   41.40   3000.00  0.055055  0.944945
   41.50   3000.00  0.055055  0.944945
   41.60   3000.00  0.055055  0.944945
   41.70   3000.00  0.055055  0.944945
   41.80   3000.00  0.055055  0.944945
   41.90   3000.00  0.056056  0.943944
   42.00   3000.00  0.056056  0.943944
   42.10   3000.00  0.056056  0.943944
   42.20   3000.00  0.056056  0.943944
   42.30   3000.00  0.057057  0.942943
   42.40   3000.00  0.057057  0.942943
   42.50   3000.00  0.057057  0.942943
   42.60   3000.00  0.057057  0.942943
   42.70   3000.00  0.058058  0.941942
   42.80   3000.00  0.058058  0.941942
   42.90   3000.00  0.058058  0.941942
   43.00   3000.00  0.058058  0.941942
   43.10   3000.00  0.059059  0.940941
   43.20   3000.00  0.059059  0.940941
   43.30   3000.00  0.059059  0.940941
   43.40   3000.00  0.059059  0.940941
   43.50   3000.00  0.060060  0.939940
   43.60   3000.00  0.060060  0.939940
   43.70   3000.00  0.060060  0.939940
   43.80   3000.00  0.060060  0.939940
   43.90   3000.00  0.061061  0.938939
   44.00   3000.00  0.061061  0.938939
   44.10   3000.00  0.061061  0.938939
   44.20   3000.00  0.061061  0.938939
   44.30   3000.00  0.062062  0.937938
   44.40   3000.00  0.062062  0.937938
   44.50   3000.00  0.062062  0.937938
   44.60   3000.00  0.063063  0.936937
   44.70   3000.00  0.063063  0.936937
   44.80   3000.00  0.063063  0.936937
   44.90   3000.00  0.063063  0.936937
   45.00   3000.00  0.064064  0.935936
   45.10   3000.00  0.064064  0.935936
   45.20   3000.00  0.064064  0.935936
   45.30   3000.00  0.064064  0.935936
   45.40   3000.00  0.065065  0.934935
   45.50   3000.00  0.065065  0.934935
   45.60   3000.00  0.065065  0.934935
   45.70   3000.00  0.066066  0.933934
   45.80   3000.00  0.066066  0.933934
   45.90   3000.00  0.066066  0.933934
   46.00   3000.00  0.066066  0.933934
   46.10   3000.00  0.067067  0.932933
   46.20   3000.00  0.067067  0.932933
   46.30   3000.00  0.067067  0.932933
   46.40   3000.00  0.068068  0.931932
   46.50   3000.00  0.068068  0.931932
   46.60   3000.00  0.068068  0.931932
   46.70   3000.00  0.069069  0.930931
   46.80   3000.00  0.069069  0.930931
   46.90   3000.00  0.069069  0.930931
   47.00   3000.00  0.069069  0.930931
   47.10   3000.00  0.070070  0.929930
   47.20   3000.00  0.070070  0.929930
   47.30   3000.00  0.070070  0.929930
   47.40   3000.00  0.071071  0.928929
   47.50   3000.00  0.071071  0.928929
   47.60   3000.00  0.071071  0.928929
   47.70   3000.00  0.072072  0.927928
   47.80   3000.00  0.072072  0.927928
   47.90   3000.00  0.072072  0.927928
   48.00   3000.00  0.073073  0.926927
   48.10   3000.00  0.073073  0.926927
   48.20   3000.00  0.073073  0.926927
   48.30   3000.00  0.074074  0.925926
   48.40   3000.00  0.074074  0.925926
   48.50   3000.00  0.074074  0.925926
   48.60   3000.00  0.075075  0.924925
   48.70   3000.00  0.075075  0.924925
   48.80   3000.00  0.075075  0.924925
   48.90   3000.00  0.076076  0.923924
   49.00   3000.00  0.076076  0.923924
   49.10   3000.00  0.076076  0.923924
   49.20   3000.00  0.077077  0.922923
   49.30   3000.00  0.077077  0.922923
   49.40   3000.00  0.077077  0.922923
   49.50   3000.00  0.078078  0.921922
   49.60   3000.00  0.078078  0.921922
   49.70   3000.00  0.078078  0.921922
   49.80   3000.00  0.079079  0.920921
   49.90   3000.00  0.079079  0.920921
   50.00   3000.00  0.079079  0.920921
   50.10   3000.00  0.080080  0.919920
   50.20   3000.00  0.080080  0.919920
   50.30   3000.00  0.081081  0.918919
   50.40   3000.00  0.081081  0.918919
   50.50   3000.00  0.081081  0.918919
   50.60   3000.00  0.082082  0.917918
   50.70   3000.00  0.082082  0.917918
   50.80   3000.00  0.082082  0.917918
   50.90   3000.00  0.083083  0.916917
   51.00   3000.00  0.083083  0.916917
   51.10   3000.00  0.084084  0.915916
   51.20   3000.00  0.084084  0.915916
   51.30   3000.00  0.084084  0.915916
   51.40   3000.00  0.085085  0.914915
   51.50   3000.00  0.085085  0.914915
   51.60   3000.00  0.085085  0.914915
   51.70   3000.00  0.086086  0.913914
   51.80   3000.00  0.086086  0.913914
   51.90   3000.00  0.087087  0.912913
   52.00   3000.00  0.087087  0.912913
   52.10   3000.00  0.087087  0.912913
   52.20   3000.00  0.088088  0.911912
   52.30   3000.00  0.088088  0.911912
   52.40   3000.00  0.089089  0.910911
   52.50   3000.00  0.089089  0.910911
   52.60   3000.00  0.089089  0.910911
   52.70   3000.00  0.090090  0.909910
   52.80   3000.00  0.090090  0.909910
   52.90   3000.00  0.091091  0.908909
   53.00   3000.00  0.091091  0.908909
   53.10   3000.00  0.092092  0.907908
   53.20   3000.00  0.092092  0.907908
   53.30   3000.00  0.092092  0.907908
   53.40   3000.00  0.093093  0.906907
   53.50   3000.00  0.093093  0.906907
   53.60   3000.00  0.094094  0.905906
   53.70   3000.00  0.094094  0.905906
   53.80   3000.00  0.095095  0.904905
   53.90   3000.00  0.095095  0.904905
   54.00   3000.00  0.095095  0.904905
   54.10   3000.00  0.096096  0.903904
   54.20   3000.00  0.096096  0.903904
   54.30   3000.00  0.097097  0.902903
   54.40   3000.00  0.097097  0.902903
   54.50   3000.00  0.098098  0.901902
   54.60   3000.00  0.098098  0.901902
   54.70   3000.00  0.099099  0.900901
   54.80   3000.00  0.099099  0.900901
   54.90   3000.00  0.100100  0.899900
   55.00   3000.00  0.100100  0.899900
   55.10   3000.00  0.100100  0.899900
   55.20   3000.00  0.101101  0.898899
   55.30   3000.00  0.101101  0.898899
   55.40   3000.00  0.102102  0.897898
   55.50   3000.00  0.102102  0.897898
   55.60   3000.00  0.103103  0.896897
   55.70   3000.00  0.103103  0.896897
   55.80   3000.00  0.104104  0.895896
   55.90   3000.00  0.104104  0.895896
   56.00   3000.00  0.105105  0.894895
   56.10   3000.00  0.105105  0.894895
   56.20   3000.00  0.106106  0.893894
   56.30   3000.00  0.106106  0.893894
   56.40   3000.00  0.107107  0.892893
   56.50   3000.00  0.107107  0.892893
   56.60   3000.00  0.108108  0.891892
   56.70   3000.00  0.108108  0.891892
   56.80   3000.00  0.109109  0.890891
   56.90   3000.00  0.109109  0.890891
   57.00   3000.00  0.110110  0.889890
   57.10   3000.00  0.110110  0.889890
   57.20   3000.00  0.111111  0.888889
   57.30   3000.00  0.111111  0.888889
   57.40   3000.00  0.112112  0.887888
   57.50   3000.00  0.112112  0.887888
   57.60   3000.00  0.113113  0.886887
   57.70   3000.00  0.114114  0.885886
   57.80   3000.00  0.114114  0.885886
   57.90   3000.00  0.115115  0.884885
   58.00   3000.00  0.115115  0.884885
   58.10   3000.00  0.116116  0.883884
   58.20   3000.00  0.116116  0.883884
   58.30   3000.00  0.117117  0.882883
   58.40   3000.00  0.117117  0.882883
   58.50   3000.00  0.118118  0.881882
   58.60   3000.00  0.118118  0.881882
   58.70   3000.00  0.119119  0.880881
   58.80   3000.00  0.120120  0.879880
   58.90   3000.00  0.120120  0.879880
   59.00   3000.00  0.121121  0.878879
   59.10   3000.00  0.121121  0.878879
   59.20   3000.00  0.122122  0.877878
   59.30   3000.00  0.122122  0.877878
   59.40   3000.00  0.123123  0.876877
   59.50   3000.00  0.124124  0.875876
   59.60   3000.00  0.124124  0.875876
   59.70   3000.00  0.125125  0.874875
   59.80   3000.00  0.125125  0.874875
   59.90   3000.00  0.126126  0.873874
   60.00   3000.00  0.127127  0.872873
   60.10   3000.00  0.127127  0.872873
   60.20   3000.00  0.128128  0.871872
   60.30   3000.00  0.128128  0.871872
   60.40   3000.00  0.129129  0.870871
   60.50   3000.00  0.130130  0.869870
   60.60   3000.00  0.130130  0.869870
   60.70   3000.00  0.131131  0.868869
   60.80   3000.00  0.132132  0.867868
   60.90   3000.00  0.132132  0.867868
   61.00   3000.00  0.133133  0.866867
   61.10   3000.00  0.133133  0.866867
   61.20   3000.00  0.134134  0.865866
   61.30   3000.00  0.135135  0.864865
   61.40   3000.00  0.135135  0.864865
   61.50   3000.00  0.136136  0.863864
   61.60   3000.00  0.137137  0.862863
   61.70   3000.00  0.137137  0.862863
   61.80   3000.00  0.138138  0.861862
   61.90   3000.00  0.139139  0.860861
   62.00   3000.00  0.139139  0.860861
   62.10   3000.00  0.140140  0.859860
   62.20   3000.00  0.141141  0.858859
   62.30   3000.00  0.141141  0.858859
   62.40   3000.00  0.142142  0.857858
   62.50   3000.00  0.143143  0.856857
   62.60   3000.00  0.143143  0.856857
   62.70   3000.00  0.144144  0.855856
   62.80   3000.00  0.145145  0.854855
   62.90   3000.00  0.145145  0.854855
   63.00   3000.00  0.146146  0.853854
   63.10   3000.00  0.147147  0.852853
   63.20   3000.00  0.147147  0.852853
   63.30   3000.00  0.148148  0.851852
   63.40   3000.00  0.149149  0.850851
   63.50   3000.00  0.150150  0.849850
   63.60   3000.00  0.150150  0.849850
   63.70   3000.00  0.151151  0.848849
   63.80   3000.00  0.152152  0.847848
   63.90   3000.00  0.152152  0.847848
   64.00   3000.00  0.153153  0.846847
   64.10   3000.00  0.154154  0.845846
   64.20   3000.00  0.155155  0.844845
   64.30   3000.00  0.155155  0.844845
   64.40   3000.00  0.156156  0.843844
   64.50   3000.00  0.157157  0.842843
   64.60   3000.00  0.158158  0.841842
   64.70   3000.00  0.158158  0.841842
   64.80   3000.00  0.159159  0.840841
   64.90   3000.00  0.160160  0.839840
   65.00   3000.00  0.161161  0.838839
   65.10   3000.00  0.161161  0.838839
   65.20   3000.00  0.162162  0.837838
   65.30   3000.00  0.163163  0.836837
   65.40   3000.00  0.164164  0.835836
   65.50   3000.00  0.165165  0.834835
   65.60   3000.00  0.165165  0.834835
   65.70   3000.00  0.166166  0.833834
   65.80   3000.00  0.167167  0.832833
   65.90   3000.00  0.168168  0.831832
   66.00   3000.00  0.169169  0.830831
   66.10   3000.00  0.169169  0.830831
   66.20   3000.00  0.170170  0.829830
   66.30   3000.00  0.171171  0.828829
   66.40   3000.00  0.172172  0.827828
   66.50   3000.00  0.173173  0.826827
   66.60   3000.00  0.173173  0.826827
   66.70   3000.00  0.174174  0.825826
   66.80   3000.00  0.175175  0.824825
   66.90   3000.00  0.176176  0.823824
   67.00   3000.00  0.177177  0.822823
   67.10   3000.00  0.178178  0.821822
   67.20   3000.00  0.178178  0.821822
   67.30   3000.00  0.179179  0.820821
   67.40   3000.00  0.180180  0.819820
   67.50   3000.00  0.181181  0.818819
   67.60   3000.00  0.182182  0.817818
   67.70   3000.00  0.183183  0.816817
   67.80   3000.00  0.184184  0.815816
   67.90   3000.00  0.184184  0.815816
   68.00   3000.00  0.185185  0.814815
   68.10   3000.00  0.186186  0.813814
   68.20   3000.00  0.187187  0.812813
   68.30   3000.00  0.188188  0.811812
   68.40   3000.00  0.189189  0.810811
   68.50   3000.00  0.190190  0.809810
   68.60   3000.00  0.191191  0.808809
   68.70   3000.00  0.192192  0.807808
   68.80   3000.00  0.192192  0.807808
   68.90   3000.00  0.193193  0.806807
   69.00   3000.00  0.194194  0.805806
   69.10   3000.00  0.195195  0.804805
   69.20   3000.00  0.196196  0.803804
   69.30   3000.00  0.197197  0.802803
   69.40   3000.00  0.198198  0.801802
   69.50   3000.00  0.199199  0.800801
   69.60   3000.00  0.200200  0.799800
   69.70   3000.00  0.201201  0.798799
   69.80   3000.00  0.202202  0.797798
   69.90   3000.00  0.203203  0.796797
   70.00   3000.00  0.204204  0.795796
   70.10   3000.00  0.205205  0.794795
   70.20   3000.00  0.206206  0.793794
   70.30   3000.00  0.207207  0.792793
   70.40   3000.00  0.208208  0.791792
   70.50   3000.00  0.209209  0.790791
   70.60   3000.00  0.210210  0.789790
   70.70   3000.00  0.211211  0.788789
   70.80   3000.00  0.211211  0.788789
   70.90   3000.00  0.212212  0.787788
   71.00   3000.00  0.213213  0.786787
   71.10   3000.00  0.214214  0.785786
   71.20   3000.00  0.215215  0.784785
   71.30   3000.00  0.217217  0.782783
   71.40   3000.00  0.218218  0.781782
   71.50   3000.00  0.219219  0.780781
   71.60   3000.00  0.220220  0.779780
   71.70   3000.00  0.221221  0.778779
   71.80   3000.00  0.222222  0.777778
   71.90   3000.00  0.223223  0.776777
   72.00   3000.00  0.224224  0.775776
   72.10   3000.00  0.225225  0.774775
   72.20   3000.00  0.226226  0.773774
   72.30   3000.00  0.227227  0.772773
   72.40   3000.00  0.228228  0.771772
   72.50   3000.00  0.229229  0.770771
   72.60   3000.00  0.230230  0.769770
   72.70   3000.00  0.231231  0.768769
   72.80   3000.00  0.232232  0.767768
   72.90   3000.00  0.233233  0.766767
   73.00   3000.00  0.234234  0.765766
   73.10   3000.00  0.235235  0.764765
   73.20   3000.00  0.236236  0.763764
   73.30   3000.00  0.238238  0.761762
   73.40   3000.00  0.239239  0.760761
   73.50   3000.00  0.240240  0.759760
   73.60   3000.00  0.241241  0.758759
   73.70   3000.00  0.242242  0.757758
   73.80   3000.00  0.243243  0.756757
   73.90   3000.00  0.244244  0.755756
   74.00   3000.00  0.245245  0.754755
   74.10   3000.00  0.247247  0.752753
   74.20   3000.00  0.248248  0.751752
   74.30   3000.00  0.249249  0.750751
   74.40   3000.00  0.250250  0.749750
   74.50   3000.00  0.251251  0.748749
   74.60   3000.00  0.252252  0.747748
   74.70   3000.00  0.253253  0.746747
   74.80   3000.00  0.255255  0.744745
   74.90   3000.00  0.256256  0.743744
   75.00   3000.00  0.257257  0.742743
   75.10   3000.00  0.258258  0.741742
   75.20   3000.00  0.259259  0.740741
   75.30   3000.00  0.260260  0.739740
   75.40   3000.00  0.262262  0.737738
   75.50   3000.00  0.263263  0.736737
   75.60   3000.00  0.264264  0.735736
   75.70   3000.00  0.265265  0.734735
   75.80   3000.00  0.266266  0.733734
   75.90   3000.00  0.268268  0.731732
   76.00   3000.00  0.269269  0.730731
   76.10   3000.00  0.270270  0.729730
   76.20   3000.00  0.271271  0.728729
   76.30   3000.00  0.272272  0.727728
   76.40   3000.00  0.274274  0.725726
   76.50   3000.00  0.275275  0.724725
   76.60   3000.00  0.276276  0.723724
   76.70   3000.00  0.277277  0.722723
   76.80   3000.00  0.279279  0.720721
   76.90   3000.00  0.280280  0.719720
   77.00   3000.00  0.281281  0.718719
   77.10   3000.00  0.282282  0.717718
   77.20   3000.00  0.284284  0.715716
   77.30   3000.00  0.285285  0.714715
   77.40   3000.00  0.286286  0.713714
   77.50   3000.00  0.287287  0.712713
   77.60   3000.00  0.289289  0.710711
   77.70   3000.00  0.290290  0.709710
   77.80   3000.00  0.291291  0.708709
   77.90   3000.00  0.293293  0.706707
   78.00   3000.00  0.294294  0.705706
   78.10   3000.00  0.295295  0.704705
   78.20   3000.00  0.297297  0.702703
   78.30   3000.00  0.298298  0.701702
   78.40   3000.00  0.299299  0.700701
   78.50   3000.00  0.300300  0.699700
   78.60   3000.00  0.302302  0.697698
   78.70   3000.00  0.303303  0.696697
   78.80   3000.00  0.304304  0.695696
   78.90   3000.00  0.306306  0.693694
   79.00   3000.00  0.307307  0.692693
   79.10   3000.00  0.308308  0.691692
   79.20   3000.00  0.310310  0.689690
   79.30   3000.00  0.311311  0.688689
   79.40   3000.00  0.313313  0.686687
   79.50   3000.00  0.314314  0.685686
   79.60   3000.00  0.315315  0.684685
   79.70   3000.00  0.317317  0.682683
   79.80   3000.00  0.318318  0.681682
   79.90   3000.00  0.319319  0.680681
   80.00   3000.00  0.321321  0.678679
   80.10   3000.00  0.322322  0.677678
   80.20   3000.00  0.324324  0.675676
   80.30   3000.00  0.325325  0.674675
   80.40   3000.00  0.326326  0.673674
   80.50   3000.00  0.328328  0.671672
   80.60   3000.00  0.329329  0.670671
   80.70   3000.00  0.331331  0.668669
   80.80   3000.00  0.332332  0.667668
   80.90   3000.00  0.333333  0.666667
   81.00   3000.00  0.335335  0.664665
   81.10   3000.00  0.336336  0.663664
   81.20   3000.00  0.338338  0.661662
   81.30   3000.00  0.339339  0.660661
   81.40   3000.00  0.341341  0.658659
   81.50   3000.00  0.342342  0.657658
   81.60   3000.00  0.343343  0.656657
   81.70   3000.00  0.345345  0.654655
   81.80   3000.00  0.346346  0.653654
   81.90   3000.00  0.348348  0.651652
   82.00   3000.00  0.349349  0.650651
   82.10   3000.00  0.351351  0.648649
   82.20   3000.00  0.352352  0.647648
   82.30   3000.00  0.354354  0.645646
   82.40   3000.00  0.355355  0.644645
   82.50   3000.00  0.357357  0.642643
   82.60   3000.00  0.358358  0.641642
   82.70   3000.00  0.360360  0.639640
   82.80   3000.00  0.361361  0.638639
   82.90   3000.00  0.363363  0.636637
   83.00   3000.00  0.364364  0.635636
   83.10   3000.00  0.365365  0.634635
   83.20   3000.00  0.367367  0.632633
   83.30   3000.00  0.369369  0.630631
   83.40   3000.00  0.370370  0.629630
   83.50   3000.00  0.372372  0.627628
   83.60   3000.00  0.373373  0.626627
   83.70   3000.00  0.375375  0.624625
   83.80   3000.00  0.376376  0.623624
   83.90   3000.00  0.378378  0.621622
   84.00   3000.00  0.379379  0.620621
   84.10   3000.00  0.381381  0.618619
   84.20   3000.00  0.382382  0.617618
   84.30   3000.00  0.384384  0.615616
   84.40   3000.00  0.385385  0.614615
   84.50   3000.00  0.387387  0.612613
   84.60   3000.00  0.388388  0.611612
   84.70   3000.00  0.390390  0.609610
   84.80   3000.00  0.392392  0.607608
   84.90   3000.00  0.393393  0.606607
   85.00   3000.00  0.395395  0.604605
   85.10   3000.00  0.396396  0.603604
   85.20   3000.00  0.398398  0.601602
   85.30   3000.00  0.399399  0.600601
   85.40   3000.00  0.401401  0.598599
   85.50   3000.00  0.403403  0.596597
   85.60   3000.00  0.404404  0.595596
   85.70   3000.00  0.406406  0.593594
   85.80   3000.00  0.407407  0.592593
   85.90   3000.00  0.409409  0.590591
   86.00   3000.00  0.410410  0.589590
   86.10   3000.00  0.412412  0.587588
   86.20   3000.00  0.414414  0.585586
   86.30   3000.00  0.415415  0.584585
   86.40   3000.00  0.417417  0.582583
   86.50   3000.00  0.418418  0.581582
   86.60   3000.00  0.420420  0.579580
   86.70   3000.00  0.422422  0.577578
   86.80   3000.00  0.423423  0.576577
   86.90   3000.00  0.425425  0.574575
   87.00   3000.00  0.427427  0.572573
   87.10   3000.00  0.428428  0.571572
   87.20   3000.00  0.430430  0.569570
   87.30   3000.00  0.431431  0.568569
   87.40   3000.00  0.433433  0.566567
   87.50   3000.00  0.435435  0.564565
   87.60   3000.00  0.436436  0.563564
   87.70   3000.00  0.438438  0.561562
   87.80   3000.00  0.440440  0.559560
   87.90   3000.00  0.441441  0.558559
   88.00   3000.00  0.443443  0.556557
   88.10   3000.00  0.445445  0.554555
   88.20   3000.00  0.446446  0.553554
   88.30   3000.00  0.448448  0.551552
   88.40   3000.00  0.450450  0.549550
   88.50   3000.00  0.451451  0.548549
   88.60   3000.00  0.453453  0.546547
   88.70   3000.00  0.454454  0.545546
   88.80   3000.00  0.456456  0.543544
   88.90   3000.00  0.458458  0.541542
   89.00   3000.00  0.459459  0.540541
   89.10   3000.00  0.461461  0.538539
   89.20   3000.00  0.463463  0.536537
   89.30   3000.00  0.464464  0.535536
   89.40   3000.00  0.466466  0.533534
   89.50   3000.00  0.468468  0.531532
   89.60   3000.00  0.470470  0.529530
   89.70   3000.00  0.471471  0.528529
   89.80   3000.00  0.473473  0.526527
   89.90   3000.00  0.475475  0.524525
   90.00   3000.00  0.476476  0.523524
   90.10   3000.00  0.478478  0.521522
   90.20   3000.00  0.480480  0.519520
   90.30   3000.00  0.481481  0.518519
   90.40   3000.00  0.483483  0.516517
   90.50   3000.00  0.485485  0.514515
   90.60   3000.00  0.486486  0.513514
   90.70   3000.00  0.488488  0.511512
   90.80   3000.00  0.490490  0.509510
   90.90   3000.00  0.491491  0.508509
   91.00   3000.00  0.493493  0.506507
   91.10   3000.00  0.495495  0.504505
   91.20   3000.00  0.497497  0.502503
   91.30   3000.00  0.498498  0.501502
   91.40   3000.00  0.500501  0.499499
   91.50   3000.00  0.502503  0.497497
   91.60   3000.00  0.503504  0.496496
   91.70   3000.00  0.505506  0.494494
   91.80   3000.00  0.507508  0.492492
   91.90   3000.00  0.508509  0.491491
   92.00   3000.00  0.510511  0.489489
   92.10   3000.00  0.512513  0.487487
   92.20   3000.00  0.514515  0.485485
   92.30   3000.00  0.515516  0.484484
   92.40   3000.00  0.517518  0.482482
   92.50   3000.00  0.519520  0.480480
   92.60   3000.00  0.520521  0.479479
   92.70   3000.00  0.522523  0.477477
   92.80   3000.00  0.524525  0.475475
   92.90   3000.00  0.526527  0.473473
   93.00   3000.00  0.527528  0.472472
   93.10   3000.00  0.529530  0.470470
   93.20   3000.00  0.531532  0.468468
   93.30   3000.00  0.532533  0.467467
   93.40   3000.00  0.534535  0.465465
   93.50   3000.00  0.536537  0.463463
   93.60   3000.00  0.538539  0.461461
   93.70   3000.00  0.539540  0.460460
   93.80   3000.00  0.541542  0.458458
   93.90   3000.00  0.543544  0.456456
   94.00   3000.00  0.544545  0.455455
   94.10   3000.00  0.546547  0.453453
   94.20   3000.00  0.548549  0.451451
   94.30   3000.00  0.550551  0.449449
   94.40   3000.00  0.551552  0.448448
   94.50   3000.00  0.553554  0.446446
   94.60   3000.00  0.555556  0.444444
   94.70   3000.00  0.556557  0.443443
   94.80   3000.00  0.558559  0.441441
   94.90   3000.00  0.560561  0.439439
   95.00   3000.00  0.562563  0.437437
   95.10   3000.00  0.563564  0.436436
   95.20   3000.00  0.565566  0.434434
   95.30   3000.00  0.567568  0.432432
   95.40   3000.00  0.568569  0.431431
   95.50   3000.00  0.570571  0.429429
   95.60   3000.00  0.572573  0.427427
   95.70   3000.00  0.574575  0.425425
   95.80   3000.00  0.575576  0.424424
   95.90   3000.00  0.577578  0.422422
   96.00   3000.00  0.579580  0.420420
   96.10   3000.00  0.580581  0.419419
   96.20   3000.00  0.582583  0.417417
   96.30   3000.00  0.584585  0.415415
   96.40   3000.00  0.585586  0.414414
   96.50   3000.00  0.587588  0.412412
   96.60   3000.00  0.589590  0.410410
   96.70   3000.00  0.591592  0.408408
   96.80   3000.00  0.592593  0.407407
   96.90   3000.00  0.594595  0.405405
   97.00   3000.00  0.596597  0.403403
   97.10   3000.00  0.597598  0.402402
   97.20   3000.00  0.599600  0.400400
   97.30   3000.00  0.601602  0.398398
   97.40   3000.00  0.602603  0.397397
   97.50   3000.00  0.604605  0.395395
   97.60   3000.00  0.606607  0.393393
   97.70   3000.00  0.607608  0.392392
   97.80   3000.00  0.609610  0.390390
   97.90   3000.00  0.611612  0.388388
   98.00   3000.00  0.612613  0.387387
   98.10   3000.00  0.614615  0.385385
   98.20   3000.00  0.616617  0.383383
   98.30   3000.00  0.618619  0.381381
   98.40   3000.00  0.619620  0.380380
   98.50   3000.00  0.621622  0.378378
   98.60   3000.00  0.623624  0.376376
   98.70   3000.00  0.624625  0.375375
   98.80   3000.00  0.626627  0.373373
   98.90   3000.00  0.628629  0.371371
   99.00   3000.00  0.629630  0.370370
   99.10   3000.00  0.631632  0.368368
   99.20   3000.00  0.632633  0.367367
   99.30   3000.00  0.634635  0.365365
   99.40   3000.00  0.636637  0.363363
   99.50   3000.00  0.637638  0.362362
   99.60   3000.00  0.639640  0.360360
   99.70   3000.00  0.641642  0.358358
   99.80   3000.00  0.642643  0.357357
   99.90   3000.00  0.644645  0.355355
  100.00   3000.00  0.646647  0.353353
  100.10   3000.00  0.647648  0.352352
  100.20   3000.00  0.649650  0.350350
  100.30   3000.00  0.651652  0.348348
  100.40   3000.00  0.652653  0.347347
  100.50   3000.00  0.654655  0.345345
  100.60   3000.00  0.655656  0.344344
  100.70   3000.00  0.657658  0.342342
  100.80   3000.00  0.659660  0.340340
  100.90   3000.00  0.660661  0.339339
  101.00   3000.00  0.662663  0.337337
  101.10   3000.00  0.663664  0.336336
  101.20   3000.00  0.665666  0.334334
  101.30   3000.00  0.667668  0.332332
  101.40   3000.00  0.668669  0.331331
  101.50   3000.00  0.670671  0.329329
  101.60   3000.00  0.671672  0.328328
  101.70   3000.00  0.673674  0.326326
  101.80   3000.00  0.675676  0.324324
  101.90   3000.00  0.676677  0.323323
  102.00   3000.00  0.678679  0.321321
  102.10   3000.00  0.679680  0.320320
  102.20   3000.00  0.681682  0.318318
  102.30   3000.00  0.682683  0.317317
  102.40   3000.00  0.684685  0.315315
  102.50   3000.00  0.686687  0.313313
  102.60   3000.00  0.687688  0.312312
  102.70   3000.00  0.689690  0.310310
  102.80   3000.00  0.690691  0.309309
  102.90   3000.00  0.692693  0.307307
  103.00   3000.00  0.693694  0.306306
  103.10   3000.00  0.695696  0.304304
  103.20   3000.00  0.696697  0.303303
  103.30   3000.00  0.698699  0.301301
  103.40   3000.00  0.699700  0.300300
  103.50   3000.00  0.701702  0.298298
  103.60   3000.00  0.703704  0.296296
  103.70   3000.00  0.704705  0.295295
  103.80   3000.00  0.706707  0.293293
  103.90   3000.00  0.707708  0.292292
  104.00   3000.00  0.709710  0.290290
  104.10   3000.00  0.710711  0.289289
  104.20   3000.00  0.712713  0.287287
  104.30   3000.00  0.713714  0.286286
  104.40   3000.00  0.715716  0.284284
  104.50   3000.00  0.716717  0.283283
  104.60   3000.00  0.718719  0.281281
  104.70   3000.00  0.719720  0.280280
  104.80   3000.00  0.720721  0.279279
  104.90   3000.00  0.722723  0.277277
  105.00   3000.00  0.723724  0.276276
  105.10   3000.00  0.725726  0.274274
  105.20   3000.00  0.726727  0.273273
  105.30   3000.00  0.728729  0.271271
  105.40   3000.00  0.729730  0.270270
  105.50   3000.00  0.731732  0.268268
  105.60   3000.00  0.732733  0.267267
  105.70   3000.00  0.734735  0.265265
  105.80   3000.00  0.735736  0.264264
  105.90   3000.00  0.736737  0.263263
  106.00   3000.00  0.738739  0.261261
  106.10   3000.00  0.739740  0.260260
  106.20   3000.00  0.741742  0.258258
  106.30   3000.00  0.742743  0.257257
  106.40   3000.00  0.744745  0.255255
  106.50   3000.00  0.745746  0.254254
  106.60   3000.00  0.746747  0.253253
  106.70   3000.00  0.748749  0.251251
  106.80   3000.00  0.749750  0.250250
  106.90   3000.00  0.751752  0.248248
  107.00   3000.00  0.752753  0.247247
  107.10   3000.00  0.753754  0.246246
  107.20   3000.00  0.755756  0.244244
  107.30   3000.00  0.756757  0.243243
  107.40   3000.00  0.757758  0.242242
  107.50   3000.00  0.759760  0.240240
  107.60   3000.00  0.760761  0.239239
  107.70   3000.00  0.761762  0.238238
  107.80   3000.00  0.763764  0.236236
  107.90   3000.00  0.764765  0.235235
  108.00   3000.00  0.765766  0.234234
  108.10   3000.00  0.767768  0.232232
  108.20   3000.00  0.768769  0.231231
  108.30   3000.00  0.769770  0.230230
  108.40   3000.00  0.771772  0.228228
  108.50   3000.00  0.772773  0.227227
  108.60   3000.00  0.773774  0.226226
  108.70   3000.00  0.775776  0.224224
  108.80   3000.00  0.776777  0.223223
  108.90   3000.00  0.777778  0.222222
  109.00   3000.00  0.779780  0.220220
  109.10   3000.00  0.780781  0.219219
  109.20   3000.00  0.781782  0.218218
  109.30   3000.00  0.782783  0.217217
  109.40   3000.00  0.784785  0.215215
  109.50   3000.00  0.785786  0.214214
  109.60   3000.00  0.786787  0.213213
  109.70   3000.00  0.787788  0.212212
  109.80   3000.00  0.789790  0.210210
  109.90   3000.00  0.790791  0.209209
  110.00   3000.00  0.791792  0.208208
  110.10   3000.00  0.792793  0.207207
  110.20   3000.00  0.794795  0.205205
  110.30   3000.00  0.795796  0.204204
  110.40   3000.00  0.796797  0.203203
  110.50   3000.00  0.797798  0.202202
  110.60   3000.00  0.799800  0.200200
  110.70   3000.00  0.800801  0.199199
  110.80   3000.00  0.801802  0.198198
  110.90   3000.00  0.802803  0.197197
  111.00   3000.00  0.803804  0.196196
  111.10   3000.00  0.805806  0.194194
  111.20   3000.00  0.806807  0.193193
  111.30   3000.00  0.807808  0.192192
  111.40   3000.00  0.808809  0.191191
  111.50   3000.00  0.809810  0.190190
  111.60   3000.00  0.810811  0.189189
  111.70   3000.00  0.812813  0.187187
  111.80   3000.00  0.813814  0.186186
  111.90   3000.00  0.814815  0.185185
  112.00   3000.00  0.815816  0.184184
  112.10   3000.00  0.816817  0.183183
  112.20   3000.00  0.817818  0.182182
  112.30   3000.00  0.818819  0.181181
  112.40   3000.00  0.820821  0.179179
  112.50   3000.00  0.821822  0.178178
  112.60   3000.00  0.822823  0.177177
  112.70   3000.00  0.823824  0.176176
  112.80   3000.00  0.824825  0.175175
  112.90   3000.00  0.825826  0.174174
  113.00   3000.00  0.826827  0.173173
  113.10   3000.00  0.827828  0.172172
  113.20   3000.00  0.828829  0.171171
  113.30   3000.00  0.829830  0.170170
  113.40   3000.00  0.831832  0.168168
  113.50   3000.00  0.832833  0.167167
  113.60   3000.00  0.833834  0.166166
  113.70   3000.00  0.834835  0.165165
  113.80   3000.00  0.835836  0.164164
  113.90   3000.00  0.836837  0.163163
  114.00   3000.00  0.837838  0.162162
  114.10   3000.00  0.838839  0.161161
  114.20   3000.00  0.839840  0.160160
  114.30   3000.00  0.840841  0.159159
  114.40   3000.00  0.841842  0.158158
  114.50   3000.00  0.842843  0.157157
  114.60   3000.00  0.843844  0.156156
  114.70   3000.00  0.844845  0.155155
  114.80   3000.00  0.845846  0.154154
  114.90   3000.00  0.846847  0.153153
  115.00   3000.00  0.847848  0.152152
  115.10   3000.00  0.848849  0.151151
  115.20   3000.00  0.849850  0.150150
  115.30   3000.00  0.850851  0.149149
  115.40   3000.00  0.851852  0.148148
  115.50   3000.00  0.852853  0.147147
  115.60   3000.00  0.853854  0.146146
  115.70   3000.00  0.854855  0.145145
  115.80   3000.00  0.855856  0.144144
  115.90   3000.00  0.856857  0.143143
  116.00   3000.00  0.857858  0.142142
  116.10   3000.00  0.858859  0.141141
  116.20   3000.00  0.859860  0.140140
  116.30   3000.00  0.860861  0.139139
  116.40   3000.00  0.861862  0.138138
  116.50   3000.00  0.861862  0.138138
  116.60   3000.00  0.862863  0.137137
  116.70   3000.00  0.863864  0.136136
  116.80   3000.00  0.864865  0.135135
  116.90   3000.00  0.865866  0.134134
  117.00   3000.00  0.866867  0.133133
  117.10   3000.00  0.867868  0.132132
  117.20   3000.00  0.868869  0.131131
  117.30   3000.00  0.869870  0.130130
  117.40   3000.00  0.870871  0.129129
  117.50   3000.00  0.870871  0.129129
  117.60   3000.00  0.871872  0.128128
  117.70   3000.00  0.872873  0.127127
  117.80   3000.00  0.873874  0.126126
  117.90   3000.00  0.874875  0.125125
  118.00   3000.00  0.875876  0.124124
  118.10   3000.00  0.876877  0.123123
  118.20   3000.00  0.876877  0.123123
  118.30   3000.00  0.877878  0.122122
  118.40   3000.00  0.878879  0.121121
  118.50   3000.00  0.879880  0.120120
  118.60   3000.00  0.880881  0.119119
  118.70   3000.00  0.881882  0.118118
  118.80   3000.00  0.881882  0.118118
  118.90   3000.00  0.882883  0.117117
  119.00   3000.00  0.883884  0.116116
  119.10   3000.00  0.884885  0.115115
  119.20   3000.00  0.885886  0.114114
  119.30   3000.00  0.886887  0.113113
  119.40   3000.00  0.886887  0.113113
  119.50   3000.00  0.887888  0.112112
  119.60   3000.00  0.888889  0.111111
  119.70   3000.00  0.889890  0.110110
  119.80   3000.00  0.889890  0.110110
  119.90   3000.00  0.890891  0.109109
  120.00   3000.00  0.891892  0.108108
  120.10   3000.00  0.892893  0.107107
  120.20   3000.00  0.892893  0.107107
  120.30   3000.00  0.893894  0.106106
  120.40   3000.00  0.894895  0.105105
  120.50   3000.00  0.895896  0.104104
  120.60   3000.00  0.895896  0.104104
  120.70   3000.00  0.896897  0.103103
  120.80   3000.00  0.897898  0.102102
  120.90   3000.00  0.898899  0.101101
  121.00   3000.00  0.898899  0.101101
  121.10   3000.00  0.899900  0.100100
  121.20   3000.00  0.900901  0.099099
  121.30   3000.00  0.901902  0.098098
  121.40   3000.00  0.901902  0.098098
  121.50   3000.00  0.902903  0.097097
  121.60   3000.00  0.903904  0.096096
  121.70   3000.00  0.903904  0.096096
  121.80   3000.00  0.904905  0.095095
  121.90   3000.00  0.905906  0.094094
  122.00   3000.00  0.905906  0.094094
  122.10   3000.00  0.906907  0.093093
  122.20   3000.00  0.907908  0.092092
  122.30   3000.00  0.907908  0.092092
  122.40   3000.00  0.908909  0.091091
  122.50   3000.00  0.909910  0.090090
  122.60   3000.00  0.909910  0.090090
  122.70   3000.00  0.910911  0.089089
  122.80   3000.00  0.911912  0.088088
  122.90   3000.00  0.911912  0.088088
  123.00   3000.00  0.912913  0.087087
  123.10   3000.00  0.913914  0.086086
  123.20   3000.00  0.913914  0.086086
  123.30   3000.00  0.914915  0.085085
  123.40   3000.00  0.914915  0.085085
  123.50   3000.00  0.915916  0.084084
  123.60   3000.00  0.916917  0.083083
  123.70   3000.00  0.916917  0.083083
  123.80   3000.00  0.917918  0.082082
  123.90   3000.00  0.918919  0.081081
  124.00   3000.00  0.918919  0.081081
  124.10   3000.00  0.919920  0.080080
  124.20   3000.00  0.919920  0.080080
  124.30   3000.00  0.920921  0.079079
  124.40   3000.00  0.921922  0.078078
  124.50   3000.00  0.921922  0.078078
  124.60   3000.00  0.922923  0.077077
  124.70   3000.00  0.922923  0.077077
  124.80   3000.00  0.923924  0.076076
  124.90   3000.00  0.923924  0.076076
  125.00   3000.00  0.924925  0.075075
  125.10   3000.00  0.925926  0.074074
  125.20   3000.00  0.925926  0.074074
  125.30   3000.00  0.926927  0.073073
  125.40   3000.00  0.926927  0.073073
  125.50   3000.00  0.927928  0.072072
  125.60   3000.00  0.927928  0.072072
  125.70   3000.00  0.928929  0.071071
  125.80   3000.00  0.928929  0.071071
  125.90   3000.00  0.929930  0.070070
  126.00   3000.00  0.929930  0.070070
  126.10   3000.00  0.930931  0.069069
  126.20   3000.00  0.930931  0.069069
  126.30   3000.00  0.931932  0.068068
  126.40   3000.00  0.932933  0.067067
  126.50   3000.00  0.932933  0.067067
  126.60   3000.00  0.933934  0.066066
  126.70   3000.00  0.933934  0.066066
  126.80   3000.00  0.934935  0.065065
  126.90   3000.00  0.934935  0.065065
  127.00   3000.00  0.935936  0.064064
  127.10   3000.00  0.935936  0.064064
  127.20   3000.00  0.936937  0.063063
  127.30   3000.00  0.936937  0.063063
  127.40   3000.00  0.936937  0.063063
  127.50   3000.00  0.937938  0.062062
  127.60   3000.00  0.937938  0.062062
  127.70   3000.00  0.938939  0.061061
  127.80   3000.00  0.938939  0.061061
  127.90   3000.00  0.939940  0.060060
  128.00   3000.00  0.939940  0.060060
  128.10   3000.00  0.940941  0.059059
  128.20   3000.00  0.940941  0.059059
  128.30   3000.00  0.941942  0.058058
  128.40   3000.00  0.941942  0.058058
  128.50   3000.00  0.942943  0.057057
  128.60   3000.00  0.942943  0.057057
  128.70   3000.00  0.942943  0.057057
  128.80   3000.00  0.943944  0.056056
  128.90   3000.00  0.943944  0.056056
  129.00   3000.00  0.944945  0.055055
  129.10   3000.00  0.944945  0.055055
  129.20   3000.00  0.945946  0.054054
  129.30   3000.00  0.945946  0.054054
  129.40   3000.00  0.946947  0.053053
  129.50   3000.00  0.946947  0.053053
  129.60   3000.00  0.946947  0.053053
  129.70   3000.00  0.947948  0.052052
  129.80   3000.00  0.947948  0.052052
  129.90   3000.00  0.948949  0.051051
  130.00   3000.00  0.948949  0.051051
  130.10   3000.00  0.948949  0.051051
  130.20   3000.00  0.949950  0.050050
  130.30   3000.00  0.949950  0.050050
  130.40   3000.00  0.950951  0.049049
  130.50   3000.00  0.950951  0.049049
  130.60   3000.00  0.950951  0.049049
  130.70   3000.00  0.951952  0.048048
  130.80   3000.00  0.951952  0.048048
  130.90   3000.00  0.952953  0.047047
  131.00   3000.00  0.952953  0.047047
  131.10   3000.00  0.952953  0.047047
  131.20   3000.00  0.953954  0.046046
  131.30   3000.00  0.953954  0.046046
  131.40   3000.00  0.953954  0.046046
  131.50   3000.00  0.954955  0.045045
  131.60   3000.00  0.954955  0.045045
  131.70   3000.00  0.954955  0.045045
  131.80   3000.00  0.955956  0.044044
  131.90   3000.00  0.955956  0.044044
  132.00   3000.00  0.956957  0.043043
  132.10   3000.00  0.956957  0.043043
  132.20   3000.00  0.956957  0.043043
  132.30   3000.00  0.957958  0.042042
  132.40   3000.00  0.957958  0.042042
  132.50   3000.00  0.957958  0.042042
  132.60   3000.00  0.958959  0.041041
  132.70   3000.00  0.958959  0.041041
  132.80   3000.00  0.958959  0.041041
  132.90   3000.00  0.959960  0.040040
  133.00   3000.00  0.959960  0.040040
  133.10   3000.00  0.959960  0.040040
  133.20   3000.00  0.960961  0.039039
  133.30   3000.00  0.960961  0.039039
  133.40   3000.00  0.960961  0.039039
  133.50   3000.00  0.961962  0.038038
  133.60   3000.00  0.961962  0.038038
  133.70   3000.00  0.961962  0.038038
  133.80   3000.00  0.961962  0.038038
  133.90   3000.00  0.962963  0.037037
  134.00   3000.00  0.962963  0.037037
  134.10   3000.00  0.962963  0.037037
  134.20   3000.00  0.963964  0.036036
  134.30   3000.00  0.963964  0.036036
  134.40   3000.00  0.963964  0.036036
  134.50   3000.00  0.964965  0.035035
  134.60   3000.00  0.964965  0.035035
  134.70   3000.00  0.964965  0.035035
  134.80   3000.00  0.964965  0.035035
  134.90   3000.00  0.965966  0.034034
  135.00   3000.00  0.965966  0.034034
  135.10   3000.00  0.965966  0.034034
  135.20   3000.00  0.966967  0.033033
  135.30   3000.00  0.966967  0.033033
  135.40   3000.00  0.966967  0.033033
  135.50   3000.00  0.966967  0.033033
  135.60   3000.00  0.967968  0.032032
  135.70   3000.00  0.967968  0.032032
  135.80   3000.00  0.967968  0.032032
  135.90   3000.00  0.967968  0.032032
  136.00   3000.00  0.968969  0.031031
  136.10   3000.00  0.968969  0.031031
  136.20   3000.00  0.968969  0.031031
  136.30   3000.00  0.968969  0.031031
  136.40   3000.00  0.969970  0.030030
  136.50   3000.00  0.969970  0.030030
  136.60   3000.00  0.969970  0.030030
  136.70   3000.00  0.969970  0.030030
  136.80   3000.00  0.970971  0.029029
  136.90   3000.00  0.970971  0.029029
  137.00   3000.00  0.970971  0.029029
  137.10   3000.00  0.970971  0.029029
  137.20   3000.00  0.971972  0.028028
  137.30   3000.00  0.971972  0.028028
  137.40   3000.00  0.971972  0.028028
  137.50   3000.00  0.971972  0.028028
  137.60   3000.00  0.972973  0.027027
  137.70   3000.00  0.972973  0.027027
  137.80   3000.00  0.972973  0.027027
  137.90   3000.00  0.972973  0.027027
  138.00   3000.00  0.973974  0.026026
  138.10   3000.00  0.973974  0.026026
  138.20   3000.00  0.973974  0.026026
  138.30   3000.00  0.973974  0.026026
  138.40   3000.00  0.973974  0.026026
  138.50   3000.00  0.974975  0.025025
  138.60   3000.00  0.974975  0.025025
  138.70   3000.00  0.974975  0.025025
  138.80   3000.00  0.974975  0.025025
  138.90   3000.00  0.975976  0.024024
  139.00   3000.00  0.975976  0.024024
  139.10   3000.00  0.975976  0.024024
  139.20   3000.00  0.975976  0.024024
  139.30   3000.00  0.975976  0.024024
  139.40   3000.00  0.976977  0.023023
  139.50   3000.00  0.976977  0.023023
  139.60   3000.00  0.976977  0.023023
  139.70   3000.00  0.976977  0.023023
  139.80   3000.00  0.976977  0.023023
  139.90   3000.00  0.977978  0.022022
  140.00   3000.00  0.977978  0.022022
