0.075526884  0.001460267  0.010456327  0.151096364  0.098382128  0.521590504  0.001053395  0.127606844  0.011258016  0  0.001569271  0  0.000103635  0.000549441  0.00013442  0.066558518  0.016283507  0.0014366  0.725062525
0.088080903  0.005967665  0.027832091  0.146573334  0.093804449  0.503066841  0.001224143  0.121155224  0.010714864  0  0.001580487  0  0.00011483  0.000615826  0.000148311  0.060949176  0.014678588  0.001298162  0.283351235
0.071802142  0.005092705  0.022884657  0.148340083  0.095900099  0.518341734  0.001130379  0.124078191  0.010937414  0  0.001492597  0  0.000108403  0.000585923  0.000140255  0.064314905  0.015395397  0.001357094  0.260233016
0.071509609  0.005021054  0.016136292  0.151856833  0.095601401  0.522263275  0.001046368  0.124032163  0.010903347  0  0.001629658  0  0.000100034  0.00054648  0.000129783  0.064777444  0.015383977  0.001352366  -0.151080116
0.045343996  0.002253285  0.074726503  0.101401466  0.11078523  0.557309779  0.015491997  0.083065181  0.007360511  0.000215373  0.000918588  0.001128092  0.001716284  0.008633841  0.001286846  0.046293038  0.006899824  0.000611402  2.038869816
0.074299565  0.004703463  0.057433544  0.067744448  0.084812365  0.604479787  0.011267135  0.076777347  0.014705344  0  0.00195362  0.001823382  0.000955592  0.006810755  0.000865061  0.046410354  0.005894761  0.001129037  1.796787329
0.056677224  0.005116401  0.04834337  0.018493468  0.108130666  0.685737491  0.020979432  0.049174695  0.005037913  0  0.001824005  0.000485335  0.00226852  0.014386383  0.001031657  0.033720932  0.002418151  0.000247738  1.44190238
0.018460326  0.002629445  0.044788976  0.000234115  0.096899851  0.793337456  0.029240662  0.012018934  0.001658193  3.27E-05  0.000675403  2.4E-05  0.002833416  0.023197713  0.000351442  0.009535071  0.000144455  1.99E-05  0.985832254
0.07388483  0.005312804  0.077262304  0.128325307  0.096183178  0.408382082  0.01795334  0.162964543  0.024943603  3.14E-05  0.001876298  0.002880287  0.001726809  0.007331822  0.002925758  0.066551799  0.026557442  0.004064923  1.669369031
0.059741445  0.008977334  0.106906556  0.084176346  0.127510041  0.42259925  0.043312104  0.127528905  0.015217581  6.39E-05  0.001906367  0.002060218  0.005522728  0.018303663  0.005523545  0.05389362  0.016263622  0.001940681  0.932304324
0.040851941  0.003426399  0.112930163  0.029726169  0.159650523  0.516599106  0.072531802  0.055515435  0.006690542  3.27E-05  0.001350513  0.000694739  0.01157974  0.037469864  0.004026635  0.028679224  0.003081964  0.000371428  1.515425728
0.077908487  0.008167823  0.043178204  0.146142326  0.066439629  0.402997782  0.042722456  0.173299803  0.034422289  0  0.002052694  0.002668507  0.002838464  0.017217055  0.007403793  0.069839436  0.030032822  0.005965376  1.292313726
0.077048028  0.008073235  0.041026596  0.149653237  0.068286412  0.400452819  0.041348989  0.175474076  0.034157016  0  0.001977423  0.00250217  0.002823574  0.016558319  0.007255676  0.070269088  0.030791151  0.005993671  1.292855992
0.075036811  0.006712189  0.042626152  0.212537744  0.057278994  0.398660857  0.025059726  0.147228791  0.032235848  0.000272711  0.001461382  0.000888795  0.001435396  0.009990332  0.003689513  0.058694356  0.021676317  0.004746045  1.451034912
0.039819098  0.004933824  0.066391952  0.033976801  0.110968166  0.663083938  0.032032078  0.042890453  0.004356212  6.5E-05  0.001268147  0.000214368  0.003554541  0.021239957  0.00137387  0.02843997  0.001839591  0.00018684  1.125213598
0.065501525  0.005598774  0.090380399  0.079812677  0.115357664  0.516089443  0.020152341  0.088992255  0.014404342  3.19E-05  0.001759335  0.001919325  0.002324727  0.010400411  0.001793402  0.045927963  0.007919621  0.001281875  1.496507099
0.055924546  0.004127558  0.105013327  0.074273464  0.131897374  0.499072874  0.023571894  0.094101385  0.009250377  0  0.001674575  0.001092627  0.003109071  0.011764093  0.002218148  0.046963448  0.008855071  0.000870473  1.643298781
0.015732785  0.003951955  0.034709037  0.001869616  0.086802388  0.811273562  0.024508605  0.018836431  0.001537034  3.26E-05  0.000674211  7.18E-05  0.002127405  0.019883183  0.000461655  0.015281498  0.000354811  2.9E-05  0.418517743
0.064206225  0.005370511  0.06360112  0.198175833  0.098004745  0.447033554  0.009174565  0.099130258  0.012907422  0.00017731  0.001221626  0.00099683  0.000899151  0.004101339  0.000909477  0.044314552  0.009826808  0.001279516  1.51815831
0.078383416  0.006172117  0.053310409  0.135938448  0.028394555  0.554667864  0.008380968  0.117051321  0.015101018  0.000200778  0.001613874  0.000785231  0.000237974  0.004648654  0.000981003  0.064924606  0.013701012  0.001767594  1.57855175
0.058514796  0.003369678  0.03920926  0.213824565  0.09895497  0.452021186  0.001975017  0.126586608  0.003957698  0.000174699  0.001069904  0.000341619  0.000195438  0.000892749  0.000250011  0.057219829  0.016024169  0.000500992  1.891443635
0.064047926  0.004281338  0.069988921  0.174168713  0.103910479  0.461369406  0.012511112  0.095293838  0.011861578  0.000211125  0.001316072  0.001039492  0.001300036  0.005772244  0.001192232  0.043965662  0.009080916  0.001130335  1.742347393
0.067247261  0.006882327  0.052480109  0.192177684  0.063809149  0.427221986  0.033807338  0.128213086  0.025127559  0.000181237  0.001456801  0.001395465  0.002157217  0.014443238  0.004334543  0.054775449  0.016438595  0.003221682  1.316400818
0.065248672  0.004362628  0.058915864  0.177146084  0.097327917  0.445869299  0.007584257  0.127209625  0.013361658  0.000149849  0.001307742  0.001516404  0.00073816  0.003381587  0.00096479  0.056718866  0.016182289  0.001699731  1.742112241
0.063589077  0.007539988  0.020796348  0.207127613  0.054817772  0.407845845  0.042062622  0.164614122  0.028212418  9.27E-05  0.001489609  0.001811926  0.002305779  0.017155066  0.006924102  0.067137186  0.027097809  0.004644162  1.1692024
0.042026585  0.00269547  0.075310384  0.126646368  0.109232851  0.546523901  0.009349003  0.082407005  0.004256934  0.000210794  0.000899061  0.000441645  0.001021218  0.005109453  0.000770423  0.045037398  0.006790914  0.000350801  1.783710935
0.057170064  0.002745527  0.053333973  0.180021023  0.112684146  0.464749934  0.001941711  0.119793887  0.005935005  0.000178623  0.001162306  0.0002838  0.0002188  0.00090241  0.000232605  0.055674201  0.014350575  0.000710977  2.073038711
0.048919307  0.004517562  0.054298864  0.092707764  0.126638918  0.505545707  0.05840844  0.100018189  0.006036924  0.000128115  0.001324031  0.001456179  0.007396782  0.029528136  0.005841906  0.050563766  0.010003638  0.000603802  1.419181046
0.0574607  0.004190644  0.076897314  0.147708647  0.106431666  0.506104796  0.005731943  0.082250911  0.01189103  0.000180581  0.000622084  0.000529682  0.00061006  0.002900964  0.000471458  0.041627581  0.006765212  0.000978048  1.655228002
0.05256662  0.003850207  0.075358826  0.156631272  0.111977588  0.451531101  0.016429863  0.116369713  0.012717871  9E-05  0.001377437  0.001099535  0.001839776  0.007418594  0.001911938  0.052544544  0.01354191  0.001479975  1.650935796
0.065077091  0.005624034  0.069854066  0.123291598  0.106538653  0.416633896  0.017793215  0.162825173  0.027067351  6.32E-05  0.00217545  0.003056323  0.001895665  0.007413256  0.002897183  0.067838486  0.026512037  0.004407246  1.523569213
0.061567293  0.007631335  0.071977654  0.126767654  0.091381937  0.390149236  0.027729027  0.199378199  0.016996555  3.13E-05  0.002584553  0.003805296  0.002533932  0.010818459  0.005528563  0.077787252  0.039751666  0.003388743  1.162913805
0.029115835  0.003716794  0.102714627  0.024850637  0.145031919  0.609621246  0.035023032  0.039690777  0.007683079  6.42E-05  0.001475145  0.001012676  0.005079458  0.021350784  0.001390091  0.024196341  0.001575358  0.000304947  1.133466603
0.034158857  0.002824469  0.078218327  0.04130221  0.132057907  0.605022374  0.046379176  0.047974653  0.01015587  0  0.000961512  0.000944645  0.006124737  0.028060439  0.002225025  0.029025738  0.002301567  0.000487224  1.529682961
0.042684644  0.009223736  0.052199493  0.001182697  0.059108663  0.789175785  0.037812192  0.004493057  0.001854868  6.6E-05  0.002198835  0  0.002235028  0.029840466  0.000169892  0.003545812  2.02E-05  8.33E-06  0.557506731
0.010854408  0.001091575  0.084230763  0.006373578  0.138957956  0.681870139  0.059347437  0.014490504  0.001957725  0  0.000802618  2.33E-05  0.008246798  0.040467245  0.000859974  0.009880642  0.000209975  2.84E-05  1.322397292
0.038048897  0.002647952  0.039014332  0.004768839  0.083092423  0.783579544  0.039158216  0.004284373  0.003317363  0  0.002063656  2.44E-05  0.003253751  0.030683577  0.000167768  0.003357147  1.84E-05  1.42E-05  1.690533341
0.02126311  0.002366896  0.082229477  0.009846767  0.148717622  0.67828589  0.041575455  0.009267693  0.004625797  0  0.001653324  0.00016797  0.006183003  0.028200044  0.000385309  0.006286145  8.59E-05  4.29E-05  1.220842163
0.03157204  0.002568557  0.065173384  0.022459316  0.132590966  0.658751003  0.051114043  0.027984514  0.006036332  3.27E-05  0.000974899  0.000742293  0.00677726  0.033671427  0.001430402  0.018434827  0.000783133  0.000168924  1.53437514
0.030716789  0.002239919  0.079954142  0.027324975  0.149088007  0.626590855  0.033761996  0.040525387  0.007266523  0  0.001646977  0.000884431  0.005033509  0.021154958  0.001368218  0.025392837  0.001642307  0.000294479  1.643817504
0.067709343  0.008842944  0.057846104  0.127673873  0.093650545  0.400407366  0.020313859  0.200243597  0.01743873  0.000189911  0.002689591  0.002994137  0.001902404  0.008133819  0.00406772  0.080179011  0.040097498  0.003491994  1.061052032
0.054842428  0.00311168  0.06282188  0.070161991  0.107582337  0.603811958  0.0112642  0.079519231  0.005046557  6.26E-05  0.001293365  0.000481798  0.001211829  0.006801459  0.000895721  0.048014663  0.006323308  0.000401298  1.894748883
0.093439395  0.00636872  0.061295618  0.095864233  0.090307287  0.523240934  0.006293442  0.099612059  0.019236446  0  0.002289897  0.002051969  0.000568344  0.003292986  0.000626903  0.052121107  0.009922562  0.001916182  1.711362279
0.03686695  0.001911643  0.0657965  0.070171989  0.121487479  0.612915828  0.013059989  0.072278123  0.004113616  6.22E-05  0.000856891  0.000478807  0.001586625  0.008004674  0.000943951  0.044300406  0.005224127  0.000297324  1.984799847
0.075883532  0.005936737  0.055011493  0.07256768  0.02854996  0.640584087  0.014214564  0.087997913  0.015065024  0  0.002165708  0.002023302  0.000405825  0.009105623  0.001250852  0.056370063  0.007743633  0.001325691  1.57348765
0.062276963  0.0018589  0.04370779  0.183381403  0.116224875  0.461339171  0.003731359  0.119899123  0.005670209  0.00017878  0.001163328  0.000568099  0.000433677  0.001721422  0.000447387  0.055314162  0.0143758  0.000679853  2.537054503
0.033944911  0.002973963  0.014607927  0.239696559  0.053975187  0.455194667  0.048782147  0.132755249  0.014768901  0.000237063  0.001020822  0.002042603  0.002633026  0.022205373  0.006476086  0.060429481  0.017623956  0.001960649  1.313911538
0.054332253  0.004746561  0.054255359  0.200319236  0.105672294  0.423751452  0.011541686  0.128874595  0.014004359  0.000117972  0.001151474  0.001232757  0.001219636  0.004890806  0.00148743  0.054610797  0.016608661  0.001804806  1.31676573
0.04601527  0.005759476  0.045762848  0.099493506  0.114188988  0.465784635  0.069300758  0.145969743  0.005310601  6.37E-05  0.001462949  0.000887524  0.007913383  0.032279228  0.010115814  0.067990463  0.021307166  0.000775187  0.957194822
0.051231324  0.003724014  0.048168468  0.090373825  0.130374868  0.507904759  0.057421746  0.10190519  0.00653164  0.000160891  0.00133021  0.000873065  0.007486352  0.029164778  0.005851574  0.051758131  0.010384668  0.000665608  1.509306837
0.022733748  0.001774468  0.023412842  0.149620335  0.074179489  0.584840865  0.083043292  0.043425097  0.015505842  0.000183993  0.000492984  0.000787046  0.006160109  0.048567111  0.003606163  0.025396771  0.001885739  0.000673343  1.438107566
0.045499001  0.003203976  0.041364343  0.205650413  0.088685468  0.479357784  0.027041709  0.097429914  0.008830695  0.000295304  0.001017292  0.0016241  0.002398207  0.012962654  0.002634671  0.046703788  0.009492588  0.000860374  1.541055535
0.079346125  0.010107945  0.037697756  0.15338755  0.067816113  0.404290951  0.033132292  0.17566341  0.033979168  6.33E-05  0.00189107  0.00262428  0.002246903  0.013395086  0.005820131  0.071019127  0.030857634  0.005968897  1.61326143
0.072143942  0.008104612  0.057377458  0.129831182  0.082438574  0.403558234  0.025320535  0.199126907  0.016128702  0  0.00251775  0.003452104  0.002087389  0.010218311  0.005042  0.080359303  0.039651525  0.003211658  1.555665156
0.065903272  0.007653523  0.097878374  0.090391113  0.124993682  0.426911492  0.043491356  0.123467609  0.015341374  0.000162163  0.001713148  0.002092893  0.005436145  0.018566959  0.005369774  0.052709741  0.015244251  0.001894163  1.52245718
0.061660191  0.004511019  0.103942039  0.07688805  0.117378154  0.514895141  0.021448539  0.082292229  0.013762449  0  0.001657492  0.001564696  0.00251759  0.011043749  0.001765048  0.042371869  0.006772011  0.001132543  1.984550693
0.035680741  0.005147245  0.12250813  0.029895593  0.15620303  0.516567142  0.069873339  0.054252389  0.007796806  0  0.001411439  0.000664146  0.010914427  0.036094271  0.003790796  0.028025001  0.002943322  0.000422995  1.488912923
0.068741187  0.009162676  0.069353106  0.132884227  0.101439964  0.409882233  0.014965342  0.160351527  0.028416015  0  0.001976083  0.00282764  0.001518084  0.006134028  0.002399715  0.065725242  0.025712612  0.004556551  1.567973852
0.052945992  0.003645583  0.072357626  0.150477943  0.114160994  0.459711056  0.018290983  0.113553713  0.012324619  9.03E-05  0.001382097  0.001059124  0.002088117  0.008408567  0.002077009  0.052201897  0.012894446  0.001399506  2.045191278
0.050585516  0.00436464  0.110582841  0.071207026  0.135123776  0.499020884  0.027410706  0.090171619  0.00909195  0  0.001376756  0.001064286  0.003703838  0.013678515  0.002471668  0.044997521  0.008130921  0.000819836  2.002893048
0.033518984  0.004025614  0.115861437  0.031671906  0.108861542  0.622836445  0.037419642  0.040590596  0.003861729  0  0.001095574  0.000256531  0.00407356  0.023306317  0.001518886  0.025281302  0.001647596  0.00015675  1.488869551
0.004641019  0.003317929  0.078873688  0.006282141  0.101279942  0.751402281  0.037109208  0.01516995  0.001530259  0  0.000298329  9.53E-05  0.003758418  0.027883944  0.000562945  0.011398735  0.000230127  2.32E-05  0.640527998
0.011517939  0.021517931  0.119326999  0.004210181  0.058231267  0.743021428  0.032450165  0.006244075  0.001656662  0  0.001799411  2.39E-05  0.001889614  0.024111168  0.000202621  0.004639482  3.9E-05  1.03E-05  -0.336067714
0.005210678  0.01696787  0.114994308  0.004944994  0.082204825  0.728232285  0.037556427  0.004835518  0.002918705  0  0.002037986  9.64E-05  0.003087319  0.027349803  0.000181605  0.00352138  2.34E-05  1.41E-05  -0.859630999
0.009483527  0.014890785  0.110314468  0.033215836  0.112775135  0.639809423  0.031887039  0.042332514  0.003936693  0  0.001116841  0.000237737  0.003596065  0.020401628  0.001349859  0.027084741  0.001792042  0.00016665  -0.16227314
0.016999286  0.020943541  0.072365904  0.074356006  0.111579681  0.605248443  0.010354971  0.081730213  0.005011779  0  0.001195463  0.000214712  0.001155404  0.00626733  0.000846314  0.049467084  0.006679828  0.000409614  0.04030383
0.012875159  0.031108528  0.051521426  0.203167663  0.069218282  0.440987198  0.033784507  0.13188363  0.025239571  0  0.000144721  6.93E-05  0.002338506  0.014898535  0.004455623  0.058158993  0.017393292  0.003328686  -0.593269019
0.019363031  0.034759333  0.044994652  0.158035357  0.072433068  0.417307813  0.036385823  0.179726825  0.033701938  0  0.001817316  0.001474845  0.002635537  0.015184088  0.006539508  0.075001408  0.032301732  0.006057142  -0.344092
0.009221455  0.032933561  0.078358888  0.133837733  0.096175615  0.402970376  0.022978747  0.201618297  0.017132284  0  0.002667433  0.002105612  0.002209995  0.009259754  0.004632936  0.081246201  0.040649938  0.003454182  -0.968024567
0.01450284  0.013748421  0.067172987  0.129455123  0.115621127  0.562885798  0.007629014  0.084008185  0.004128198  0  0.000848308  0  0.000882075  0.004294264  0.0006409  0.047287014  0.007057375  0.000346802  -0.444292752
0.011030551  0.011150881  0.1421078  0.024703292  0.148391489  0.602756777  0.013147064  0.037680489  0.007390507  0  0.001446659  0.000194491  0.001950912  0.007924482  0.000495388  0.02271217  0.001419819  0.000278478  -0.373963962
0.015244794  0.01329082  0.070993282  0.133742004  0.114899351  0.554974537  0.007862649  0.083930458  0.004124378  0  0.000847523  9.02E-05  0.000903413  0.00436357  0.000659916  0.046579267  0.007044322  0.000346161  -0.271010808
0.008002958  0.008406837  0.080086316  0.017441655  0.160048312  0.602692154  0.078595304  0.039920575  0.003308999  0  0.001397715  9.92E-05  0.012579046  0.047368773  0.00313757  0.024059817  0.001593652  0.000132097  -0.53951546
0.017356556  0.031260548  0.054290267  0.142805696  0.101803705  0.411725402  0.009255789  0.211279583  0.017360456  0  0.002814697  4.73E-05  0.000942274  0.003810843  0.001955559  0.086989171  0.044639062  0.00366791  -1.093526333
0.034497935  0.030639504  0.057543672  0.098416775  0.095119258  0.550671393  0.004381063  0.10623823  0.019904038  0  0.002391104  0.000197026  0.000416723  0.002412526  0.000465436  0.058502354  0.011286562  0.00211457  -0.371671987
0.010633117  0.027228093  0.04619829  0.141409187  0.101471185  0.529195407  0.004626586  0.118134994  0.019700569  0  0.001282162  0.00012041  0.000469465  0.002448368  0.000546562  0.062516496  0.013955877  0.002327327  -1.318432244
0.012583555  0.028960476  0.051401464  0.147810096  0.097624082  0.518152396  0.005323152  0.11686117  0.019428545  0  0.001190078  0.000664984  0.000519668  0.002758204  0.00062207  0.060551895  0.013656533  0.002270443  -1.241716489
0.010223  0.02060875  0.116143162  0.001163161  0.058132269  0.754603371  0.029987257  0.00549369  0.001706536  0  0.001938805  0  0.001743227  0.022628485  0.000164741  0.004145557  3.02E-05  9.38E-06  -1.19135697
0.008653425  0.014876442  0.098322482  0.000470594  0.073826038  0.763037321  0.035128867  0.003261497  0.001428484  6.57E-05  0.000905084  2.41E-05  0.002593425  0.026804637  0.000114573  0.002488644  1.06E-05  4.66E-06  -1.09879981
0.004559395  0.003194099  0.082028766  0.0058052  0.100358096  0.751669703  0.035766896  0.014662866  0.001585947  0  0.000297734  7.13E-05  0.003589498  0.026884892  0.000524445  0.011021632  0.000215  2.33E-05  -0.052290613
0.009057409  0.015862286  0.107452268  0.00519795  0.081310163  0.735338862  0.036392632  0.004366651  0.002928553  0  0.002044863  4.84E-05  0.002959091  0.026760916  0.000158914  0.003210968  1.91E-05  1.28E-05  -1.117337467
0.014253835  0.015005842  0.095248891  0.02298443  0.082021785  0.710323032  0.029976331  0.024080984  0.0043309  0  0.001653946  0.000120023  0.002458712  0.021292878  0.00072186  0.017105277  0.000579894  0.000104292  -0.429569959
0.012083172  0.014029271  0.101316658  0.034098579  0.118751667  0.641645587  0.028064742  0.044363081  0.00413551  0  0.001272692  0.000239041  0.003332735  0.018007618  0.001245038  0.028465375  0.001968083  0.000183464  -0.52748858
0.010221116  0.012297559  0.107909596  0.02131681  0.128548361  0.637384225  0.047426307  0.027900075  0.005510759  3.27E-05  0.000901059  0.000551438  0.006096574  0.03022878  0.001323198  0.017783068  0.000778414  0.000153751  -0.690084763
0.005667521  0.00874355  0.158185751  0.009437575  0.139662509  0.620556151  0.042663653  0.009099213  0.004367023  0  0.001475698  0.000141357  0.005958513  0.026475192  0.000388206  0.005646573  8.28E-05  3.97E-05  -0.938704338
0.013891484  0.012024358  0.08453056  0.072997529  0.122395456  0.612354664  0.010516483  0.065844391  0.004314317  0  0.000874733  0.000256026  0.00128717  0.006439818  0.000692451  0.04032012  0.004335484  0.000284074  -0.233814775
0.007604794  0.008531456  0.02103761  0.155804764  0.079120458  0.593286434  0.072629472  0.045279776  0.016251783  0  0.00043054  2.29E-05  0.005746477  0.043090081  0.003288646  0.026863877  0.002050258  0.000735877  -0.485619323
0.00778674  0.013503955  0.103039798  0.039126272  0.126713219  0.618138256  0.04995133  0.03339689  0.006737309  0  0.000906635  0.000699595  0.006329494  0.030876828  0.001668219  0.020643895  0.001115352  0.000225005  -0.921198292
0.011353545  0.011982197  0.094855458  0.042069116  0.13480144  0.603328058  0.04184879  0.048865453  0.008858175  0  0.000979365  0.001058404  0.005641277  0.025248549  0.00204496  0.029481899  0.002387833  0.000432859  -0.544173217
0.015767193  0.019809065  0.04939209  0.093615195  0.135592397  0.522921564  0.050186095  0.104857973  0.006697563  0  0.001136667  2.42E-05  0.006804853  0.026243391  0.005262412  0.054832495  0.010995195  0.000702293  -0.73334806
0.011861419  0.015541553  0.011481908  0.255716278  0.058334075  0.466444814  0.02382387  0.140608923  0.015197815  2.98E-05  0.000959503  0  0.001389743  0.011112521  0.003349849  0.065586303  0.019770869  0.002136948  -0.678401567
0.019937305  0.021462392  0.063116116  0.183969168  0.111201843  0.478960288  0.011164968  0.09659721  0.012275786  0  0.00120204  0.000112885  0.001241565  0.005347576  0.001078505  0.046266227  0.009331021  0.001185807  -0.496861838
0.020509289  0.027390295  0.040055283  0.205669577  0.069989372  0.445143438  0.028835745  0.134673767  0.026520678  0  0.001144063  6.85E-05  0.002018196  0.012836043  0.003883418  0.059949144  0.018137024  0.00357164  -0.779592182
0.022453829  0.03171457  0.057014561  0.122885306  0.109590357  0.440310882  0.007721046  0.177755522  0.028341991  0  0.002162613  4.93E-05  0.000846152  0.003399661  0.001372459  0.078267691  0.031597026  0.005037945  -0.835596338
0.023857353  0.034327006  0.030838383  0.166204738  0.072359017  0.423900673  0.024634661  0.186634988  0.035292217  0  0.001950964  0  0.00178254  0.010442649  0.00459769  0.079114697  0.034832619  0.006586762  -0.854121223
0.021535464  0.027165719  0.048045641  0.122491713  0.162244375  0.417942457  0.008093759  0.163970892  0.026462707  3.37E-05  0.002013553  0  0.001313167  0.003382726  0.001327141  0.068530397  0.026886453  0.004339114  -0.722536073
0.018069757  0.020002562  0.095139271  0.080654812  0.143367239  0.514826044  0.020090321  0.096494773  0.009757594  0  0.001573698  2.39E-05  0.002880294  0.010343021  0.001938611  0.049678022  0.009311241  0.000941557  -0.591901998
0.009213523  0.006091403  0.083717633  0.002309544  0.086068299  0.768269786  0.022874884  0.019444944  0.001343698  0  0.000666285  0  0.001968802  0.017574082  0.000444801  0.014938963  0.000378106  2.61E-05  0.702706996
0.010114628  0.00632129  0.08327233  0.002351697  0.088441199  0.763465552  0.023549287  0.019316921  0.001427711  3.28E-05  0.001658422  4.81E-05  0.002082727  0.017979069  0.0004549  0.014747804  0.000373143  2.76E-05  0.774994253
0.010183732  0.022543612  0.052633177  0.093255338  0.134210354  0.514986072  0.060098929  0.103709111  0.006395146  0  0.001911296  7.32E-05  0.008065899  0.030950111  0.006232806  0.053408748  0.01075558  0.000663235  -0.505747073
0.010829736  0.022195491  0.052521633  0.095675696  0.133556984  0.511978747  0.061531517  0.103489323  0.006321389  0  0.001144347  0.000755137  0.008217964  0.031502829  0.006367855  0.052984334  0.01071004  0.000654196  -0.396612966
0.027922261  0.025453433  0.066933056  0.06659388  0.10278697  0.607547797  0.009682248  0.076492079  0.014542812  0  0.001996429  4.9E-05  0.000995209  0.005882428  0.000740615  0.046472594  0.005851038  0.00111241  -0.382827763
0.029134534  0.024860727  0.068006192  0.068137583  0.102808915  0.603476199  0.009576311  0.077079353  0.014756363  0  0.001992536  0.000171288  0.00098453  0.005779076  0.000738136  0.046515555  0.005941227  0.001137411  -0.264517357
0.019748826  0.023822721  0.055015174  0.208577603  0.106890911  0.460900838  0.007370736  0.102899737  0.013524251  3.07E-05  0.001128419  9.01E-05  0.000787865  0.003397178  0.000758447  0.047426575  0.010588356  0.001391642  -0.565702134
0.020856994  0.023113023  0.055413658  0.208907911  0.106333125  0.460061332  0.00729447  0.103180115  0.013642765  0  0.001129015  6.76E-05  0.000775644  0.003355904  0.000752644  0.047469181  0.010646136  0.001407662  -0.480863254
0.008959162  0.006670154  0.079947515  0.001854583  0.088116892  0.769499742  0.022285576  0.020351148  0.001524675  0  0.0007431  4.75E-05  0.001963736  0.017148745  0.000453537  0.015660203  0.000414169  3.1E-05  -0.180367609
0.008713832  0.006586145  0.080936745  0.002096916  0.088199599  0.769729047  0.022397839  0.019137933  0.001473419  3.25E-05  0.000672159  2.38E-05  0.00197548  0.017240267  0.000428648  0.014731023  0.00036626  2.82E-05  -0.098212823
0.005382754  0.015316317  0.094494402  0.000236588  0.074084278  0.770291116  0.036269204  0.002429175  0.001496166  0  0  0  0.002686978  0.027937845  8.81E-05  0.001871172  5.9E-06  3.63E-06  0.022862803
0.006823349  0.015299497  0.094024065  0.00023541  0.072255818  0.769615547  0.038746038  0.001571105  0.001429171  0  0  0  0.002799627  0.029819554  6.09E-05  0.001209146  2.47E-06  2.25E-06  -0.201775596
0.008136156  0.015244025  0.08244121  0.000711965  0.074314052  0.780109807  0.034739764  0.002802215  0.001500807  0  0  0  0.002581653  0.027100831  9.73E-05  0.002186036  7.85E-06  4.21E-06  -0.402806169
0.011794484  0.012864459  0.074621547  0.000473042  0.074063347  0.790171553  0.031177535  0.00327846  0.001555573  0  0  0  0.002309113  0.024635601  0.000102214  0.002590545  1.07E-05  5.1E-06  -0.244729388
0.008779376  0.013920598  0.081039043  0.000236716  0.074124379  0.782353375  0.035254474  0.002795063  0.001496976  0  0  0  0.002613216  0.027581457  9.85E-05  0.002186727  7.81E-06  4.18E-06  -0.626530216
0.011380792  0.012070413  0.079071184  0.000471174  0.073040511  0.78705165  0.03234122  0.003023625  0.001549431  0  0  0  0.002362219  0.02545421  9.78E-05  0.002379749  9.14E-06  4.68E-06  -0.277950396
0.011554983  0.008857149  0.064370299  0.000699526  0.075907464  0.80610851  0.028274222  0.002753259  0.001474587  0  0  0  0.002146224  0.022792091  7.78E-05  0.002219426  7.58E-06  4.06E-06  -0.276300635
0.01324333  0.011588563  0.094286411  0.000236067  0.072457426  0.766484111  0.037908582  0.002302637  0.001492873  0  0  0  0.002746758  0.029056326  8.73E-05  0.001764934  5.3E-06  3.44E-06  -0.762391621
0.013801315  0.004764718  0.052410595  0.000699196  0.077316757  0.821362554  0.025120762  0.002991259  0.001532845  0  0  0  0.001942256  0.020633253  7.51E-05  0.002456908  8.95E-06  4.59E-06  -0.224512488
0.017570837  0.010438569  0.088600521  0.000231054  0.072351411  0.768807117  0.037692495  0.002846826  0.00146117  0  0  0  0.002727105  0.028978258  0.000107304  0.00218866  8.1E-06  4.16E-06  -0.292442218
0.02805408  0.005811053  0.097275081  0.000231397  0.071023918  0.756494257  0.036737294  0.00285105  0.001521871  0  0  0  0.002609227  0.027791552  0.00010474  0.002156803  8.13E-06  4.34E-06  1.411857734
0.030093009  0.003923941  0.060812758  0.00046758  0.074657903  0.788367541  0.037798344  0.00240045  0.001478474  0  0  0  0.002821945  0.029798987  9.07E-05  0.001892437  5.76E-06  3.55E-06  0.660994476
0.032980033  0.003530655  0.054902698  0.133119233  0.096534006  0.545905333  0.049952366  0.072973621  0.010102054  0  0  0  0.004822102  0.027269263  0.003645205  0.039836689  0.005325149  0.000737183  1.911429634
0.035170973  0.003045594  0.058126228  0.129607922  0.097686628  0.542668562  0.049717405  0.071356  0.009666011  0  0.000644669  0.002310007  0.004856726  0.026980073  0.003547635  0.038722658  0.005091679  0.000689728  2.069529459
0.033564389  0.003373221  0.055608711  0.132545787  0.097255791  0.551290049  0.043116466  0.071561691  0.009667371  0  0.000637306  0.001379218  0.004193326  0.023769679  0.003085487  0.039451248  0.005121076  0.000691813  1.555961426
0.038720909  0.001485018  0.037976998  0.133516751  0.101733549  0.5663602  0.036092881  0.072726826  0.009903244  0  0.000580316  0.00090331  0.003671857  0.020441571  0.002624921  0.041189579  0.005289191  0.000720231  1.862250734
0.021039448  0.009117346  0.058727604  0.133206588  0.101497219  0.542224649  0.04809426  0.072789694  0.010051572  0  0.000940823  0.002310798  0.004881434  0.026077893  0.003500766  0.039468366  0.00529834  0.000731651  0.995701713
0.026079615  0.006238592  0.053278291  0.136061926  0.082962116  0.566928706  0.044095098  0.07264513  0.009809099  0  0.000508832  0.001392595  0.003658223  0.024998777  0.003203294  0.04118461  0.005277315  0.000712583  0.822685035
0.023723314  0.007063041  0.052598326  0.134325432  0.095785226  0.559693263  0.043532333  0.071717995  0.00968391  0  0.000502338  0.001374822  0.004169754  0.024364753  0.003122052  0.040140079  0.005143471  0.000694511  0.38841607
0.005122399  0.016736798  0.057461855  0.132397409  0.101204536  0.551285447  0.049291255  0.073829274  0.009816305  0  0.000658544  0.002196179  0.004988499  0.027173552  0.003639138  0.040701004  0.005450762  0.000724731  0.189482231
0.005958299  0.016313481  0.057290381  0.132002317  0.099491304  0.550658189  0.051381756  0.073258438  0.009844582  0  0.000656579  0.003144674  0.005112038  0.028293785  0.003764147  0.040340359  0.005366799  0.000721199  0.130338261
0.007985819  0.015070485  0.057589078  0.13497831  0.099300734  0.549436539  0.049067164  0.073640388  0.009722297  0  0.000586669  0.002622517  0.004872405  0.026959293  0.003613325  0.04046072  0.005422907  0.000715954  0.502474165
0.006118304  0.016379617  0.056198868  0.133952452  0.102393211  0.547431549  0.0496179  0.075052116  0.009873179  0  0.000666279  0.002316525  0.005080536  0.027162404  0.003723928  0.041085896  0.00563282  0.000741003  0.152792288
0.006478937  0.015999656  0.055587586  0.132495435  0.101279467  0.553736927  0.047996816  0.074235765  0.009823573  0  0.000659032  0.001706806  0.004861092  0.026577609  0.00356308  0.041107084  0.005510949  0.00072926  0.233534274
0.023103561  0.007404701  0.018415964  0.150050097  0.10484576  0.591943471  0.01092773  0.082551026  0.010140565  0  0.000502517  0.000114609  0.001145726  0.006468599  0.000902095  0.048865541  0.006814672  0.000837114  -0.104486318
0.016154542  0.010282811  0.057129679  0.13836739  0.100778378  0.55890339  0.034629386  0.072500454  0.01055588  0  0.000563215  0.000134875  0.003489893  0.019354481  0.002510646  0.04052075  0.005256316  0.000765306  -0.439494269
0.009214545  0.014436231  0.059157481  0.13418164  0.10012485  0.552296372  0.044305593  0.072972236  0.009492326  0  0.000583206  0.003235521  0.004436091  0.024469818  0.003233078  0.040302301  0.005324947  0.000692676  -0.127977386
0.010929545  0.004159922  0  0.20593984  0.092293885  0.4443992  0  0.242277607  0  0  0  0  0  0  0  0.107667975  0.058698439  0  -0.887543819
0.022985919  0.008603952  0  0.202489689  0.090747667  0.436954091  0  0.238218682  0  0  0  0  0  0  0  0.104090628  0.05674814  0  -0.783845523
0.040489499  0.015337949  0  0.197421733  0.088476415  0.426017911  0  0.232256494  0  0  0  0  0  0  0  0.098945426  0.053943079  0  -0.857162043
0.062001685  0.023040735  0  0.19131303  0.085738742  0.412835891  0  0.225069919  0  0  0  0  0  0  0  0.09291694  0.050656468  0  -0.741516536
0.120132178  0.044264548  0  0.174720443  0.078302617  0.377030618  0  0.205549596  0  0  0  0  0  0  0  0.077498491  0.042250636  0  -0.693564114
0.175500646  0.065139654  0  0.158778295  0.071157993  0.342628932  0  0.18679448  0  0  0  0  0  0  0  0.064001193  0.034892178  0  -0.734574474
0.009321769  0.001459454  0  0.206840672  0.092697601  0.446343113  0  0.24333739  0  0  0  0  0  0  0  0.108611968  0.059213085  0  0.46886502
0.017514989  0.002954976  0  0.204814805  0.09178969  0.441971478  0  0.240954061  0  0  0  0  0  0  0  0.106494823  0.05805886  0  0.351848562
0.033899678  0.005353225  0  0.200887387  0.09002958  0.433496473  0  0.236333657  0  0  0  0  0  0  0  0.102449807  0.055853597  0  0.455669432
0.050719686  0.007940879  0  0.196829343  0.088210929  0.424739586  0  0.231559577  0  0  0  0  0  0  0  0.098352519  0.053619838  0  0.46886502
0.106661643  0.018043006  0  0.183019857  0.082022078  0.394939988  0  0.215313428  0  0  0  0  0  0  0  0.085035883  0.046359872  0  0.347584163
0.022202392  0.001018856  0  0.204239526  0.091531873  0.440730079  0  0.240277275  0  0  0  0  0  0  0  0.105897422  0.057733169  0  1.266220193
0.037081414  0.001518135  0  0.201024  0.090090805  0.433791271  0  0.236494375  0  0  0  0  0  0  0  0.102589195  0.055929589  0  1.392508526
0.051023565  0.001997114  0  0.198008615  0.088739431  0.427284346  0  0.232946929  0  0  0  0  0  0  0  0.099534576  0.054264272  0  1.4418507
0.182549157  0.01790396  0  0.167181233  0.074923849  0.360761697  0  0.196680103  0  0  0  0  0  0  0  0.070954648  0.038683063  0  0.368382616
0.062058811  0  0.088185654  0.050853472  0.106230626  0.58172094  0.008312337  0.087487497  0.015150661  0  0  0  0.000883025  0.004835461  0.000727226  0.050893309  0.007654062  0.001325493  -0.295217009
0.008857852  0.011277884  0  0.230056937  0.074939835  0.550567509  0  0.124299982  0  0  0  0  0  0  0  0.068435532  0.015450486  0  0.395932039
0.015616127  0.019952828  0  0.225689561  0.074214643  0.54196189  0  0.122564951  0  0  0  0  0  0  0  0.066425533  0.015022167  0  0.392404698
0.033340517  0.044699367  0  0.215688346  0.070962478  0.518739657  0  0.116569636  0  0  0  0  0  0  0  0.060469293  0.01358848  0  0.34428545
0.010314612  0.010673173  0  0.229612719  0.076010283  0.549417773  0  0.12397144  0  0  0  0  0  0  0  0.068112113  0.015368918  0  0.213594767
0.018309015  0.019357337  0  0.226658256  0.075361628  0.537902239  0  0.122411524  0  0  0  0  0  0  0  0.065845433  0.014984581  0  0.192088562
0.036453502  0.041984792  0  0.215772975  0.070688061  0.519562073  0  0.115538597  0  0  0  0  0  0  0  0.060029473  0.013349167  0  0.106496631
0.010922503  0.009631435  0  0.229068482  0.075961119  0.55052363  0  0.123892831  0  0  0  0  0  0  0  0.068205931  0.015349434  0  -0.017890342
0.01968568  0.01797874  0  0.225353492  0.074096242  0.542023944  0  0.120861901  0  0  0  0  0  0  0  0.065510045  0.014607599  0  -0.052981662
0.041769168  0.040778228  0  0.213881011  0.07079701  0.517401623  0  0.115372959  0  0  0  0  0  0  0  0.059694156  0.01331092  0  -0.119673036
0.012767291  0.00896058  0  0.230466599  0.076068986  0.547556791  0  0.124179753  0  0  0  0  0  0  0  0.067995467  0.015420611  0  -0.181851366
0.021968043  0.016505193  0  0.224807499  0.074453599  0.54038298  0  0.121882686  0  0  0  0  0  0  0  0.065863329  0.014855389  0  -0.249989171
0.04480066  0.036280203  0  0.214608414  0.070712308  0.517545814  0  0.116052601  0  0  0  0  0  0  0  0.060062538  0.013468206  0  -0.32495221
0.029859814  0.017866995  0  0  0.128514752  0.710656134  0  0.113102306  0  0  0  0  0  0  0  0.080376847  0.012792132  0  0.377564141
0.024444517  0.017266086  0  0.112195914  0.113635064  0.632276356  0  0.100182064  0  0  0  0  0  0  0  0.06334275  0.010036446  0  0.211667464
0.033030733  0.016495063  0  0  0.127833129  0.70865312  0  0.113987956  0  0  0  0  0  0  0  0.080777921  0.012993254  0  0.180703616
0.02777705  0.016370811  0  0.110227039  0.113606708  0.631430493  0  0.100587898  0  0  0  0  0  0  0  0.063514266  0.010117925  0  0.015036494
0.024607367  0.015609789  0  0.207795973  0.100326356  0.562487199  0  0.089173317  0  0  0  0  0  0  0  0.050158849  0.007951881  0  -0.058526073
0.02238592  0.01550988  0  0.299815976  0.08934758  0.494282536  0  0.078658107  0  0  0  0  0  0  0  0.038879329  0.006187098  0  -0.146718785
0.036393082  0.015390739  0  0  0.125384003  0.708453208  0  0.114378969  0  0  0  0  0  0  0  0.081032147  0.013082548  0  -0.024531782
0.030475215  0.014944661  0  0.110956867  0.111979067  0.632135235  0  0.099508954  0  0  0  0  0  0  0  0.062903116  0.009902032  0  -0.172584882
0.027639166  0.01454868  0  0.207614731  0.100475394  0.560754665  0  0.088967364  0  0  0  0  0  0  0  0.049888864  0.007915192  0  -0.243410934
0.02478894  0.014275151  0  0.301024968  0.088040023  0.493364929  0  0.078505989  0  0  0  0  0  0  0  0.038732101  0.00616319  0  -0.333267263
0.010195605  0.018898311  0.03329161  0.201986921  0.068280407  0.49503786  0.060880219  0.111429066  0  0  0  0  0.004156926  0.030138014  0.006783826  0.055161606  0.012416437  0  -0.75311008
0.011084802  0.018352217  0.104189009  0.139532871  0.065575485  0.460730512  0.034255808  0.166279296  0  0  0  0  0.002246341  0.015782696  0.005696032  0.076609945  0.027648804  0  -1.032673906
0.010985598  0.018731635  0.1280169  0.091840572  0.043575719  0.546148412  0.05031997  0.110381194  0  0  0  0  0.002192729  0.027482172  0.005554378  0.060284514  0.012184008  0  -1.062127173
0.011310041  0.018165409  0.112766088  0.195725856  0.112667527  0.413331569  0.035444858  0.100588654  0  0  0  0  0.003993484  0.014650479  0.00356535  0.041576466  0.010118077  0  -1.00232675
0.012419056  0.017432351  0.07257869  0.216658944  0.077550924  0.452679418  0.040733795  0.109946822  0  0  0  0  0.003158943  0.01843935  0.004478551  0.049770664  0.012088304  0  -0.867594156
0.014479274  0.017067145  0.060259998  0.218535154  0.080258286  0.466498617  0.032295183  0.110606342  0  0  0  0  0.002591956  0.015065658  0.003572052  0.051597706  0.012233763  0  -1.049581503
0.015788968  0.018397817  0.066741476  0.129581267  0.105890977  0.478866974  0.031828136  0.152904385  0  0  0  0  0.003370312  0.015241443  0.004866662  0.07322086  0.023379751  0  -1.038065061
0.010991502  0.017455991  0.115546367  0.134366602  0.064622448  0.453588845  0.044901065  0.158527181  0  0  0  0  0.002901617  0.020366622  0.007118039  0.071906161  0.025130867  0  -1.354854489
0.010425857  0.017401971  0.141463167  0.088431178  0.042801875  0.535857209  0.061390359  0.102228385  0  0  0  0  0.002627622  0.032896466  0.006275837  0.054779817  0.010450643  0  -1.404588495
0.026763497  0.013871011  0  0.365748805  0.098296374  0.495219091  0  0.000101222  0  0  0  0  0  0  0  5.01E-05  1.02E-08  0  0.128739284
0.018426204  0.018129985  0  0.302074711  0.081589765  0.41121153  0  0.168567805  0  0  0  0  0  0  0  0.069317025  0.028415105  0  -0.512291896
0.030528845  0.012649774  0  0.365185354  0.098497742  0.493037544  0  0.00010074  0  0  0  0  0  0  0  4.97E-05  1.01E-08  0  -0.011261375
0.02809941  0.015031137  0  0.34343007  0.092774613  0.465828858  0  0.054835913  0  0  0  0  0  0  0  0.025544151  0.003006977  0  -0.266669236
0.023484676  0.015542112  0  0.32360255  0.087400858  0.438635965  0  0.111333839  0  0  0  0  0  0  0  0.048835026  0.012395224  0  -0.47949906
0.020907076  0.016865001  0  0.302185557  0.081775765  0.409467212  0  0.16879939  0  0  0  0  0  0  0  0.069117816  0.028493234  0  -0.677446813
0.032654615  0.013031097  0  0.291045552  0.078473175  0.584690854  0  0.000104706  0  0  0  0  0  0  0  6.12E-05  1.1E-08  0  0.026353679
0.030257681  0.0138987  0  0.26010928  0.070138534  0.584230971  0  0.041364833  0  0  0  0  0  0  0  0.024166617  0.001711049  0  -0.114339157
0.026905502  0.014380379  0  0.240544684  0.065054289  0.570752863  0  0.082362283  0  0  0  0  0  0  0  0.047008509  0.006783546  0  -0.265827839
0.026564996  0.015620615  0  0.215528355  0.058354924  0.564440612  0  0.119490497  0  0  0  0  0  0  0  0.067445289  0.014277979  0  -0.361291053
0.032888446  0.011674361  0  0.365058793  0.098212293  0.492166107  0  0  0  0  0  0  0  0  0  0  0  0  -0.228342022
0.031170478  0.01388326  0  0.342257455  0.092548997  0.464958208  0  0.055181603  0  0  0  0  0  0  0  0.025657139  0.003045009  0  -0.455280644
0.026274948  0.014173393  0  0.323467624  0.087013445  0.438159822  0  0.110910769  0  0  0  0  0  0  0  0.048596643  0.012301199  0  -0.646818856
0.023102259  0.015808711  0  0.30128356  0.081254568  0.410904324  0  0.167646579  0  0  0  0  0  0  0  0.068886704  0.028105375  0  -0.884698994
0.034882486  0.011487653  0  0.288128154  0.077326821  0.588070277  0  0.00010461  0  0  0  0  0  0  0  6.15E-05  1.09E-08  0  -0.153356215
0.032207012  0.013127784  0  0.260752672  0.069914622  0.58262162  0  0.041376291  0  0  0  0  0  0  0  0.024106721  0.001711997  0  -0.366615007
0.029683318  0.013167464  0  0.239830788  0.064836577  0.570257406  0  0.082224446  0  0  0  0  0  0  0  0.046889099  0.00676086  0  -0.451232056
0.028743237  0.014483265  0  0.214527347  0.058140566  0.565268914  0  0.118836671  0  0  0  0  0  0  0  0.067174676  0.014122154  0  -0.578659666
0.020373318  0.016883566  0.018764544  0.195149296  0.091834277  0.426948132  0  0.230046867  0  0  0  0  0  0  0  0.09821808  0.052921561  0  -0.704408556
0.014177349  0.017425631  0.095542073  0.179484556  0.085244684  0.395503528  0  0.21262218  0  0  0  0  0  0  0  0.084092822  0.045208191  0  -1.09859056
0.012681776  0.017538672  0.12345608  0.173202849  0.083149106  0.383602  0  0.206369517  0  0  0  0  0  0  0  0.07916376  0.042588378  0  -1.216536263
0.025383646  0.017175707  0.027445808  0.108884116  0.051589879  0.641494975  0  0.128025871  0  0  0  0  0  0  0  0.082127953  0.016390624  0  -0.501684844
0.01748506  0.017259036  0.12819711  0.098006943  0.046456942  0.575912612  0  0.116682298  0  0  0  0  0  0  0  0.067198807  0.013614759  0  -0.87928298
0.013901709  0.016711576  0.195165811  0.090238827  0.043003319  0.534896154  0  0.106082603  0  0  0  0  0  0  0  0.056743176  0.011253519  0  -1.076383874
0.021111919  0.019043855  0.024635943  0.173270979  0.171780771  0.385072779  0  0.205083754  0  0  0  0  0  0  0  0.078972171  0.042059346  0  -0.789200679
0.01447761  0.018914997  0.111445168  0.157626865  0.156755458  0.353242813  0  0.187537089  0  0  0  0  0  0  0  0.066246129  0.03517016  0  -1.159645715
0.012863333  0.019213407  0.13537849  0.153929625  0.152492843  0.343073689  0  0.183048613  0  0  0  0  0  0  0  0.062799163  0.033506795  0  -1.293521401
0.017611213  0.01751033  0.04061035  0.190463883  0.090160659  0.417882512  0  0.225761051  0  0  0  0  0  0  0  0.094341595  0.050968052  0  -0.886549134
0.016624705  0.01693336  0.062662835  0.185049116  0.088264509  0.409646095  0  0.22081938  0  0  0  0  0  0  0  0.090457797  0.048761199  0  -0.910689778
0.015844263  0.016829872  0.067079836  0.185642822  0.088154585  0.407385121  0  0.219063501  0  0  0  0  0  0  0  0.089243211  0.047988818  0  -0.952641876
0.02371802  0.016955676  0.042777657  0.106755515  0.050660323  0.632855668  0  0.12627714  0  0  0  0  0  0  0  0.079915204  0.015945916  0  -0.556661506
0.018384205  0.017087871  0.11210759  0.098780283  0.046985225  0.589411473  0  0.117243353  0  0  0  0  0  0  0  0.069104577  0.013746004  0  -0.819170989
0.016013617  0.017125033  0.154726281  0.094780374  0.045070341  0.560656993  0  0.111627361  0  0  0  0  0  0  0  0.062584661  0.012460668  0  -0.959395806
0.020543126  0.019011378  0.03433854  0.170773507  0.17070276  0.381578691  0  0.203051998  0  0  0  0  0  0  0  0.077480316  0.041230114  0  -0.814805229
0.017347367  0.0188089  0.071629961  0.164853296  0.163324024  0.368052628  0  0.195983823  0  0  0  0  0  0  0  0.072132361  0.038409659  0  -0.973183366
0.016766756  0.018707404  0.077024941  0.164278223  0.162350596  0.366574607  0  0.194297473  0  0  0  0  0  0  0  0.07122452  0.037751508  0  -1.001815178
0.026127168  0.018842505  0  0.112882938  0.053362983  0.647803377  0.009930256  0.131050772  0  0  0  0  0.000529908  0.006432853  0.001301368  0.084895133  0.017174305  0  -0.572577847
0.015679138  0.019638314  0  0.102047458  0.048308872  0.607936422  0.08739901  0.118990786  0  0  0  0  0.004222148  0.053133041  0.010399677  0.072338833  0.014158807  0  -1.124589716
0.013018866  0.019972863  0  0.097586508  0.046425079  0.58727143  0.122556963  0.11316829  0  0  0  0  0.005689717  0.071974203  0.013869562  0.066460504  0.012807062  0  -1.327413265
0.025945296  0.014765969  0  0.279609933  0.076062375  0.570529245  0.032980537  0.000106646  0  0  0  0  0.002508578  0.018816361  3.52E-06  6.08E-05  1.14E-08  0  -0.335773096
0.017277427  0.016735392  0  0.26292805  0.072297617  0.536280408  0.094261446  0.00021966  0  0  0  0  0.006814878  0.050550567  2.07E-05  0.0001178  4.83E-08  0  -0.867563192
0.013739696  0.017536756  0  0.258080225  0.069051537  0.515394245  0.126086854  0.000110687  0  0  0  0  0.008706491  0.064984439  1.4E-05  5.7E-05  1.23E-08  0  -1.14344813
0.024260337  0.018402091  0  0.110034818  0.052355744  0.651893929  0.013819249  0.129233831  0  0  0  0  0.000723517  0.009008685  0.001785915  0.08424675  0.016701383  0  -0.623059833
0.017376032  0.01959827  0  0.103002863  0.04864873  0.613016471  0.076935411  0.121422222  0  0  0  0  0.00374281  0.047162674  0.009341669  0.074433822  0.014743356  0  -1.019787793
0.015264318  0.019860422  0  0.101681889  0.047715546  0.602598209  0.094659339  0.118220276  0  0  0  0  0.004516722  0.057041548  0.011190653  0.071239326  0.013976034  0  -1.162649278
0.027351701  0.013671343  0  0.278300338  0.075818783  0.578888925  0.025862606  0.000106304  0  0  0  0  0.001960871  0.014971576  2.75E-06  6.15E-05  1.13E-08  0  -0.205961485
0.018150802  0.016429963  0  0.2644439  0.072679466  0.541630139  0.086447117  0.000218614  0  0  0  0  0.00628293  0.046822364  1.89E-05  0.000118408  4.78E-08  0  -0.799830226
0.016258438  0.016867508  0  0.262168846  0.071270782  0.531162938  0.102161706  0.000109781  0  0  0  0  0.007281145  0.054264512  1.12E-05  5.83E-05  1.21E-08  0  -0.936215396
0.022956898  0.0178162  0  0.10527725  0.050042975  0.657551424  0.022984728  0.123370524  0  0  0  0  0.001150224  0.015113641  0.002835638  0.081122464  0.015220286  0  -0.645928024
0.017889772  0.019397003  0  0.104066399  0.049424736  0.61598645  0.07170773  0.121527912  0  0  0  0  0.003544136  0.04417099  0.008714491  0.074859547  0.014769033  0  -0.980327721
0.016506438  0.019924472  0  0.103590235  0.048032979  0.606372957  0.084621755  0.120951164  0  0  0  0  0.004064635  0.051312344  0.0102351  0.073341515  0.014629184  0  -1.087636545
0.028164856  0.013570936  0  0.28328336  0.077941862  0.57715663  0.019776742  0.000105615  0  0  0  0  0.001541436  0.011414278  2.09E-06  6.1E-05  1.12E-08  0  -0.169293765
0.018636864  0.016274631  0  0.265749939  0.072791752  0.543415727  0.083022204  0.000108883  0  0  0  0  0.006043332  0.045115571  9.04E-06  5.92E-05  1.19E-08  0  -0.763904278
0.017399448  0.016532638  0  0.264381255  0.071862153  0.533553757  0.096270749  0  0  0  0  0  0.006918223  0.05136562  0  0  0  0  -0.84833634
0.017947064  0.019459122  0  0.19526018  0.093201495  0.43883855  0  0.23529359  0  0  0  0  0  0  0  0.103255898  0.055363073  0  -0.609387902
0.019225278  0.019720606  0  0.181480379  0.151035731  0.409920888  0  0.218617119  0  0  0  0  0  0  0  0.089615724  0.047793445  0  -0.553936597
0.020681877  0.020935592  0  0.156398769  0.207023115  0.387741117  0  0.20721953  0  0  0  0  0  0  0  0.080347532  0.042939934  0  -0.54069137
0.024119643  0.019640938  0  0.114936466  0.055268362  0.648585884  0  0.137448707  0  0  0  0  0  0  0  0.089147291  0.018892147  0  -0.323087999
0.026728269  0.017917189  0  0.100726091  0.106956623  0.624426536  0  0.123245291  0  0  0  0  0  0  0  0.07695763  0.015189402  0  -0.128537274
0.032701264  0.016624774  0  0.09332477  0.164627382  0.578227266  0  0.114494543  0  0  0  0  0  0  0  0.066203867  0.013109  0  0.148021213
0.020245173  0.018398636  0  0.192613806  0.093592744  0.440467539  0  0.234682103  0  0  0  0  0  0  0  0.103369848  0.055075689  0  -0.803798485
0.021883494  0.018607638  0  0.180159775  0.150679848  0.410452638  0  0.218216606  0  0  0  0  0  0  0  0.089567581  0.047618487  0  -0.737277803
0.023799135  0.020022374  0  0.164023508  0.211767381  0.378413675  0  0.201973926  0  0  0  0  0  0  0  0.076429696  0.040793467  0  -0.726639405
0.025440293  0.01751162  0  0.108168  0.052749332  0.665170188  0  0.130960567  0  0  0  0  0  0  0  0.087111065  0.01715067  0  -0.525968709
0.029516818  0.016333807  0  0.099720828  0.107631855  0.624791352  0  0.122005339  0  0  0  0  0  0  0  0.076227881  0.014885303  0  -0.307715143
0.035444868  0.014989736  0  0.092860254  0.164303074  0.578429647  0  0.11397242  0  0  0  0  0  0  0  0.065925027  0.012989713  0  -0.03882557
0.023406627  0.01811257  0  0.193047221  0.093243245  0.438220627  0  0.233969709  0  0  0  0  0  0  0  0.102530353  0.054741825  0  -0.993876529
0.023233907  0.017456272  0  0.178886038  0.150507704  0.411116789  0  0.218799291  0  0  0  0  0  0  0  0.089952062  0.04787313  0  -0.964375864
0.025828591  0.018708518  0  0.165021096  0.212876488  0.3759865  0  0.201578807  0  0  0  0  0  0  0  0.07579091  0.040634015  0  -0.927786417
0.029929277  0.016292749  0  0.108872181  0.052576174  0.660533741  0  0.131795878  0  0  0  0  0  0  0  0.087055624  0.017370153  0  -0.642172598
0.033055788  0.014871689  0  0.101440154  0.106385952  0.62170518  0  0.122541236  0  0  0  0  0  0  0  0.076184521  0.015016355  0  -0.451552238
0.037676876  0.013899575  0  0.093982986  0.165312787  0.575040931  0  0.114086846  0  0  0  0  0  0  0  0.065604606  0.013015808  0  -0.253101299
0.015574977  0.021231605  0  0.191372589  0.093965397  0.441686398  0  0.236169036  0  0  0  0  0  0  0  0.104312651  0.055775813  0  -0.453508488
0.007567345  0.008987942  0  0.198686779  0.096873721  0.446150826  0  0.241733387  0  0  0  0  0  0  0  0.10784955  0.05843503  0  -0.315724786
0.027275254  0.046016423  0  0.188825839  0.091748415  0.419744143  0  0.226389927  0  0  0  0  0  0  0  0.095025846  0.051252399  0  -0.666701708
0.018058417  0.019823589  0  0.19412811  0.093787118  0.438821543  0  0.235381223  0  0  0  0  0  0  0  0.103290351  0.05540432  0  -0.621759193
0.009176014  0.008710625  0  0.19714122  0.096941524  0.447354829  0  0.240675788  0  0  0  0  0  0  0  0.107667476  0.057924835  0  -0.476449102
0.034572112  0.045261786  0  0.187882486  0.090507695  0.416913946  0  0.224861975  0  0  0  0  0  0  0  0.093748093  0.050562908  0  -0.797914235
0.015484158  0.017763991  0  0.301441673  0.075261413  0.400245411  0  0.189803354  0  0  0  0  0  0  0  0.075967921  0.036025313  0  -0.665854513
0.01436747  0.016870719  0  0.387751244  0.05964251  0.371781743  0  0.149586314  0  0  0  0  0  0  0  0.055613461  0.022376065  0  -0.689111375
0.021205663  0.019271521  0  0.193641256  0.093188911  0.438303601  0  0.234389048  0  0  0  0  0  0  0  0.102733564  0.054938226  0  -0.803798485
0.010115088  0.007554236  0  0.200741158  0.096685101  0.444546607  0  0.240357809  0  0  0  0  0  0  0  0.106850248  0.057771876  0  -0.607518576
0.037856194  0.039853419  0  0.187467527  0.091262562  0.418483079  0  0.225077219  0  0  0  0  0  0  0  0.094191008  0.050659755  0  -0.950851903
0.018291549  0.017363838  0  0.298727927  0.075122946  0.401695439  0  0.1887983  0  0  0  0  0  0  0  0.075839416  0.035644798  0  -0.847388921
0.016475714  0.016158965  0  0.383537135  0.059718669  0.375489876  0  0.148619641  0  0  0  0  0  0  0  0.055805171  0.022087798  0  -0.880025851
0.022789926  0.01835307  0  0.19474885  0.093361669  0.436543137  0  0.234203347  0  0  0  0  0  0  0  0.102239864  0.054851208  0  -1.026871236
0.011234775  0.00828936  0  0.197850796  0.096300722  0.446332264  0  0.239992082  0  0  0  0  0  0  0  0.107116209  0.057596199  0  -0.939351858
0.041712783  0.037720549  0  0.187231392  0.091269908  0.417549025  0  0.224516342  0  0  0  0  0  0  0  0.09374658  0.050407588  0  -1.142790338
0.019655365  0.015563475  0  0.296471571  0.07556513  0.403312782  0  0.189431677  0  0  0  0  0  0  0  0.076400217  0.03588436  0  -1.009969425
0.018437181  0.015262481  0  0.384989053  0.059272705  0.373082047  0  0.148956534  0  0  0  0  0  0  0  0.055573009  0.022188049  0  -1.054421188
0.019117251  0.017373591  0  0.198160186  0.094462433  0.438171611  0  0.232714928  0  0  0  0  0  0  0  0.101969075  0.054156238  0  -0.803798485
0.017250849  0.017617697  0  0.29473901  0.082807094  0.383709797  0  0.203875553  0  0  0  0  0  0  0  0.078229047  0.041565241  0  -0.920480805
0.014077275  0.017606627  0  0.374307486  0.073619245  0.339726921  0  0.180662446  0  0  0  0  0  0  0  0.061375897  0.03263892  0  -1.123151902
0.025562774  0.016905892  0  0.111670463  0.052934865  0.663506497  0  0.129419509  0  0  0  0  0  0  0  0.085870685  0.016749409  0  -0.485963375
0.025125265  0.015712245  0  0.261010302  0.043443347  0.548883649  0  0.105825192  0  0  0  0  0  0  0  0.058085718  0.011198971  0  -0.430004721
0.022162366  0.014657039  0  0.385305199  0.036126119  0.45402622  0  0.087723057  0  0  0  0  0  0  0  0.039828568  0.007695335  0  -0.485963375
0.021543751  0.01638026  0  0.197858837  0.094659225  0.438056111  0  0.231501816  0  0  0  0  0  0  0  0.101410785  0.053593091  0  -0.976280767
0.019558089  0.016806318  0  0.295898267  0.082111849  0.383116539  0  0.202508939  0  0  0  0  0  0  0  0.077584524  0.04100987  0  -1.09865548
0.01631876  0.016739203  0  0.375891214  0.072653594  0.338086871  0  0.180310357  0  0  0  0  0  0  0  0.060960564  0.032511825  0  -1.275727681
0.028939907  0.015623961  0  0.110329343  0.052857706  0.662898897  0  0.129350187  0  0  0  0  0  0  0  0.085746096  0.016731471  0  -0.633873795
0.027596217  0.014401917  0  0.260428154  0.043355714  0.548820378  0  0.10539762  0  0  0  0  0  0  0  0.057844362  0.011108658  0  -0.599972243
0.024728509  0.013684087  0  0.385792438  0.036177154  0.451528771  0  0.088089042  0  0  0  0  0  0  0  0.039774737  0.007759679  0  -0.658566407
0.015977065  0.02034212  0  0.198381116  0.094608095  0.439251673  0  0.231373433  0  0  0  6.65E-05  0  0  0  0.101631167  0.053533666  0  -0.38522258
0.008515566  0.010650526  0  0.195076271  0.094379446  0.435542342  0  0.226971823  0.028753226  0  0  0.0001108  0  0  0  0.09885584  0.051516209  0.006526172  -0.367396796
0.009505309  0.009921264  0  0.198670152  0.09650324  0.444062194  0  0.231882795  0  0  0  0.009455046  0  0  0  0.102970383  0.053769631  0  -0.186513054
0.007409603  0.009267285  0  0.196961368  0.120948414  0.435131346  0  0.230173603  0  0  0  0.000108382  0  0  0  0.10015575  0.052979887  0  -0.367396796
0.009850372  0.009483731  0  0.157624098  0.12352667  0.515818965  0  0.18358444  0  0  0  0.000111723  0  0  0  0.094696336  0.033703247  0  -0.105751698
0.018665828  0.019566626  0  0.189612182  0.091782093  0.421403573  0  0.22033299  0.028743031  0  0  0.009893676  0  0  0  0.092849109  0.048546627  0.006333038  -0.190814136
0.038296941  0.010510097  0  0.19241807  0.098335011  0.432261902  0  0.228177979  0  0  0  0  0  0  0  0.098632647  0.05206519  0  0.209535168
0.017553212  0.00481725  0  0.201285343  0.09786645  0.441395838  0  0.237081907  0  0  0  0  0  0  0  0.104646967  0.056207831  0  0.209535168
0.075552591  0.024813327  0  0.184812347  0.09058426  0.406979595  0  0.217257879  0  0  0  0  0  0  0  0.088419524  0.047200986  0  0.029949591
0.038734027  0.009235944  0  0.194734154  0.093691536  0.432351452  0  0.231252887  0  0  0  0  0  0  0  0.099982521  0.053477898  0  0.038125602
0.019200722  0.003973637  0  0.200716053  0.097498833  0.44132816  0  0.237282597  0  0  0  0  0  0  0  0.104719492  0.056303031  0  0.179776119
0.0766703  0.021731039  0  0.184807792  0.090451022  0.407999527  0  0.218340321  0  0  0  0  0  0  0  0.089082748  0.047672496  0  -0.134717211
0.033700336  0.008338918  0  0.294346141  0.076566472  0.398790785  0  0.188257348  0  0  0  0  0  0  0  0.075075296  0.035440829  0  0.00108433
0.031302904  0.008872336  0  0.386748678  0.059439657  0.367984223  0  0.145652202  0  0  0  0  0  0  0  0.053597712  0.021214564  0  -0.134717211
0.040179903  0.009038402  0  0.194025264  0.093784232  0.432459749  0  0.23051245  0  0  0  0  0  0  0  0.099687356  0.05313599  0  -0.229008435
0.019292331  0.004166187  0  0.200100794  0.097388974  0.441851069  0  0.237200645  0  0  0  0  0  0  0  0.104807359  0.056264146  0  -0.188186441
0.078720293  0.022312079  0  0.185194163  0.090423023  0.405988602  0  0.21736184  0  0  0  0  0  0  0  0.08824643  0.04724617  0  -0.460120156
0.033448326  0.008126077  0  0.295652987  0.07660853  0.399301962  0  0.186862119  0  0  0  0  0  0  0  0.074614411  0.034917451  0  -0.305969477
0.02120833  0.017852254  0  0.195760384  0.093804038  0.437173314  0  0.234092966  0.000108714  0  0  0  0  0  0  0.102339198  0.054799517  2.54E-05  -0.734313305
0.022467464  0.017689065  0  0.183428879  0.08826049  0.415860409  0  0.220036585  0.052257108  0  0  0  0  0  0  0.091504504  0.048416099  0.011498476  -0.667456045
0.025444227  0.019116946  0  0.170164852  0.080869357  0.38181906  0  0.202921898  0.11966366  0  0  0  0  0  0  0.077479448  0.041177297  0.024282377  -0.620663884
0.027643567  0.019898798  0  0.156809404  0.074953902  0.3497314  0  0.188278044  0.182684884  0  0  0  0  0  0  0.065846744  0.035448622  0.034395553  -0.577843887
0.027060005  0.017287373  0  0.107985502  0.052580746  0.663797441  0  0.131232262  5.67E-05  0  0  0  0  0  0  0.087111639  0.017221906  7.44E-06  -0.458497129
0.029060262  0.016734867  0  0.097070391  0.046681547  0.605506075  0  0.117811396  0.087135461  0  0  0  0  0  0  0.071335516  0.013879525  0.01026555  -0.354700335
0.032948974  0.017788361  0  0.087752844  0.042628885  0.551379771  0  0.108696961  0.158804204  0  0  0  0  0  0  0.059933306  0.011815029  0.017261534  -0.290161814
0.020800085  0.017779989  0  0.195606408  0.093863396  0.436445345  0  0.235341835  0.000162942  0  0  0  0  0  0  0.102713848  0.055385779  3.83E-05  -0.75682836
0.026185504  0.016610887  0  0.107599652  0.052669711  0.66691666  0  0.129961117  5.65E-05  0  0  0  0  0  0  0.086673234  0.016889892  7.34E-06  -0.458564178
0.020560413  0.017852618  0  0.194956385  0.093600762  0.437010674  0  0.235964717  5.44E-05  0  0  0  0  0  0  0.1031191  0.055679347  1.28E-05  -0.772494477
0.025744426  0.016215265  0  0.108116667  0.051803766  0.669450055  0  0.128669821  0  0  0  0  0  0  0  0.086138019  0.016555923  0  -0.451446711
0.021437378  0.018035411  0  0.195217174  0.094171183  0.435865114  0  0.235165447  0.000108293  0  0  0  0  0  0  0.102500414  0.055302787  2.55E-05  -0.726639405
0.029507415  0.018718156  0  0.115897067  0.054350195  0.645151527  0  0.136375641  0  0  0  0  0  0  0  0.087982953  0.018598316  0  -0.444290678
0.016718407  0.019187489  0  0.194748953  0.094625161  0.437214827  0  0.237396655  0.000108509  0  0  0  0  0  0  0.103793337  0.056357172  2.58E-05  -0.673650984
0.018171457  0.019865925  0  0.184972884  0.088211849  0.413016175  0  0.220327899  0.055433811  0  0  0  0  0  0  0.090998986  0.048544383  0.012213615  -0.625056802
0.02038718  0.020820722  0  0.170063709  0.081691219  0.381376362  0  0.205589466  0.120071343  0  0  0  0  0  0  0.078406962  0.042267028  0.024685403  -0.556945377
0.022628544  0.021582674  0  0.157462215  0.074659663  0.349127382  0  0.18984965  0.184689872  0  0  0  0  0  0  0.066281711  0.03604289  0.035063308  -0.488581634
0.021805577  0.018345179  0  0.110814552  0.053799671  0.66166632  0  0.133511842  5.69E-05  0  0  0  0  0  0  0.088340289  0.017825412  7.59E-06  -0.363103976
0.024437989  0.019020606  0  0.100322155  0.048165133  0.598300779  0  0.120132241  0.089621097  0  0  0  0  0  0  0.071875213  0.014431755  0.010766383  -0.285286954
0.028295123  0.020622408  0  0.092109886  0.044989873  0.533109957  0  0.114519349  0.166353404  0  0  0  0  0  0  0.061051405  0.013114681  0.019050684  -0.219591694
0.014156618  0.020189779  0  0.196171026  0.094194586  0.438572098  0  0.236607189  0.000108703  0  0  0  0  0  0  0.103769311  0.055982962  2.57E-05  -0.506360792
0.015360608  0.020662952  0  0.183829074  0.088813962  0.417189859  0  0.221180925  0.052962621  0  0  0  0  0  0  0.092274439  0.048921002  0.011714321  -0.447902592
0.017915178  0.022003743  0  0.170214557  0.081206236  0.38237559  0  0.205403251  0.120881446  0  0  0  0  0  0  0.078541189  0.042190496  0.024829442  -0.356930813
0.020190466  0.023163239  0  0.156271509  0.075073251  0.349562144  0  0.189047938  0.186691454  0  0  0  0  0  0  0.066084002  0.035739123  0.035293634  -0.288722563
0.018224705  0.018940231  0  0.202821014  0.093136344  0.432810815  0  0.232804829  0  0  0  0.001262063  0  0  0  0.100760448  0.054198088  0  -0.57441307
0.021902019  0.018327781  0  0.200697751  0.091827742  0.426153399  0  0.228761923  0  0  0  0.012329386  0  0  0  0.097487671  0.052332018  0  -0.357742033
0.026497415  0.017524016  0  0.1955224  0.090428149  0.420822101  0  0.224427233  0  0  0  0.024778685  0  0  0  0.09444394  0.050367583  0  -0.122427946
0.031770684  0.01686636  0  0.191597652  0.089438716  0.413174513  0  0.219678937  0  0  0  0.037473138  0  0  0  0.090765738  0.048258836  0  0.097320017
0.036230766  0.015974099  0  0.185120854  0.088298726  0.411276819  0  0.213672529  0  0  0  0.049426207  0  0  0  0.087878558  0.045655949  0  0.283037162
